#year 2021

8/9
56.4
17.4
5
39.6
27
1432
20.6

8/11
56.6
18.0
5
39.2
28
1431
20.7

8/12
56.7
17.6
5
39.4
28
1435
20.7

8/13
56.2
18.7
5
38.4
28
1419
20.5

8/16
56.5
18.9
5
38.2
29
1423
20.6

8/17
56.3
18.9
5
38.2
28
1420
20.6

8/18
56.1
19.0
5
38.0
28
1415
20.5

8/24
56.8
18.6
5
38.6
29
1431
20.7

8/25
57.1
18.0
5
39.2
28
1440
20.8

8/26
56.7
17.9
5
39.2
28
1434
20.7

8/27
56.8
18.2
5
39.0
28
1433
20.7

8/30
57.1
17.9
5
39.2
28
1440
20.8

8/31
56.6
18.7
5
38.5
29
1426
20.7

9/1
56.7
18.1
5
39.0
28
1432
20.7

9/2
56.9
18.6
5
38.6
29
1432
20.8

9/3
56.5
19.1
5
38.0
29
1421
20.6

9/6
56.5
18.6
5
38.6
28
1425
20.6

9/7
56.9
18.4
5
38.7
29
1433
20.8

9/8
56.3
19.2
5
37.9
29
1417
20.6

9/9
56.3
18.6
5
38.5
28
1422
20.6

9/10
56.3
19.2
5
37.9
29
1417
20.6

9/11
55.9
19.4
5
37.5
29
1408
20.4

9/13
56.3
19.3
5
37.7
29
1416
20.6

9/15
56.8
18.6
5
38.6
29
1430
20.7

9/16
56.2
18.9
5
38.2
28
1418
20.5

9/17
56.6
18.9
5
38.2
29
1425
20.7

9/21
56.4
18.7
5
38.4
28
1423
20.6

9/22
56.8
18.2
5
39.0
28
1433
20.7

9/24
56.8
18.5
5
38.7
29
1431
20.7

9/27
57.1
18.0
5
39.1
29
1439
20.8

9/28
56.7
18.8
5
38.4
29
1427
20.7

9/29
56.8
18.7
5
38.5
29
1430
20.7

9/30
56.5
18.9
5
38.3
29
1423
20.6

10/1
56.3
18.8
5
38.3
28
1420
20.6

10/4
56.5
18.8
5
38.4
29
1424
20.6

10/6
56.2
18.3
5
38.8
28
1422
20.5

10/7
56.1
18.7
5
38.4
28
1418
20.5

10/8
56.5
17.9
5
39.2
28
1430
20.6

10/11
56.8
18.1
5
39.1
28
1434
20.7

10/12
56.6
18.7
5
38.5
29
1426
20.7

10/13
56.3
19.0
5
38.1
29
1419
20.6

10/14
56.1
18.9
5
38.2
28
1416
20.5

10/15
56.4
19.1
5
38.0
29
1420
20.6

10/18
56.4
19.2
5
37.9
29
1419
20.6

10/19
56.2
19.0
5
38.1
28
1417
20.5

10/20
56.3
18.8
5
38.3
28
1420
20.6

10/21
56.2
19.4
5
37.5
29
1413
20.5

10/22
56.4
18.8
5
38.4
28
1422
20.6

10/26
56.1
19.4
5
37.6
29
1412
20.5

10/27
56.1
19.0
5
38.0
28
1415
20.5

10/29
56.4
18.8
5
38.4
29
1422
20.6

11/1
56.4
18.8
5
38.4
29
1422
20.6

11/2
56.3
18.3
5
38.8
28
1423
20.6

11/4
56.3
18.8
5
38.3
28
1420
20.6

11/5
55.9
18.8
5
38.3
28
1413
20.4

11/8
56.0
19.1
5
37.9
28
1412
20.4

11/9
55.9
19.2
5
37.8
28
1410
20.4

11/10
55.8
19.1
5
37.9
28
1409
20.4

11/11
56.1
19.0
5
38.1
28
1415
20.5

11/12
56.2
19.0
5
38.1
28
1417
20.5

11/15
55.9
18.7
5
38.3
28
1414
20.4

11/16
56.3
19.1
5
38.0
29
1418
20.6

11/17
56.0
18.6
5
38.5
28
1416
20.4
