# year 2022

9/1
57.2
18.7
5
38.5
30
1437
20.9

9/2
57.3
19.4
5
37.8
30
1433
20.9

9/5
57.3
19.0
5
38.2
30
1436
20.9

9/6
57.2
18.9
5
38.3
30
1435
20.9

9/9
57.6
18.9
6
38.4
30
1443
21.0

9/10
57.6
18.8
6
38.5
30
1443
21.0

9/11
57.2
19.2
5
38.0
30
1433
20.9

9/12
57.5
19.3
6
38.0
30
1438
21.0

9/13
57.2
19.2
5
38.1
30
1434
20.9

9/14
57.7
19.4
6
37.9
31
1441
21.1

9/15
57.6
18.6
6
38.7
30
1444
21.0

9/16
57.4
19.4
5
37.9
30
1436
21.0

9/17
57.4
19.4
5
37.9
30
1435
21.0

9/18
57.1
19.6
5
37.6
30
1429
20.8

9/19
57.3
19.4
5
37.9
30
1433
20.9

9/20
57.9
19.6
6
37.8
31
1443
21.1

9/21
57.4
19.3
5
38.0
30
1436
21.0

9/22
57.3
19.4
5
37.8
30
1433
20.9

9/23
57.3
19.3
5
38.0
30
1435
20.9

9/24
57.6
19.5
6
37.9
31
1438
21.0

9/25
57.5
19.8
6
37.5
31
1434
21.0

9/26
57.2
19.9
5
37.2
31
1428
20.9

9/28
57.4
19.9
5
37.4
31
1432
21.0

9/29
57.4
19.4
5
37.9
30
1436
21.0

9/30
56.9
19.4
5
37.7
30
1426
20.8

10/1
57.4
19.1
5
38.2
30
1437
21.0

10/2
57.6
19.6
6
37.8
31
1438
21.0

10/3
57.2
19.7
5
37.5
31
1429
20.9

10/5
57.7
19.7
6
37.6
31
1438
21.1

10/6
57.6
19.5
6
37.9
31
1438
21.0

10/7
57.3
19.7
5
37.6
31
1431
20.9

10/8
57.5
19.9
6
37.4
31
1433
21.0

10/9
57.2
20.1
5
37.1
31
1426
20.9

10/11
57.9
19.8
6
37.6
31
1441
21.1

10/12
58.0
19.8
6
37.6
31
1443
21.2

10/13
57.8
19.4
6
37.9
31
1442
21.1

10/14
57.7
19.8
6
37.5
31
1438
21.1

10/15
57.4
19.6
5
37.7
31
1434
21.0

10/16
57.4
18.9
5
38.4
30
1439
21.0

10/17
57.8
19.0
6
38.3
31
1445
21.1

10/18
57.6
19.5
6
37.8
31
1438
21.0

10/19
57.6
19.9
6
37.5
31
1436
21.0

10/20
57.8
19.6
6
37.7
31
1441
21.1

10/21
57.5
19.8
6
37.5
31
1434
21.0

10/23
57.7
19.5
6
37.9
31
1440
21.1

10/24
57.5
19.9
6
37.4
31
1434
21.0

10/25
57.8
20.2
6
37.1
32
1436
21.1

10/26
57.6
19.9
6
37.5
31
1435
21.0

10/27
57.6
20.0
6
37.3
31
1434
21.0

10/28
57.5
19.8
6
37.5
31
1434
21.0

10/29
57.3
20.1
5
37.1
31
1428
20.9

10/30
57.4
19.7
5
37.6
31
1433
21.0
