# year 2022

5/1
56.7
19.1
5
38.1
29
1425
20.7

5/9
57.1
19.0
5
38.2
29
1433
20.8

5/10
56.4
19.5
5
37.5
29
1416
20.6

5/11
56.0
19.3
5
37.5
29
1410
20.4

5/12
57.1
19.0
5
38.2
29
1433
20.8

5/13
56.6
19.0
5
38.1
29
1424
20.7

5/16
57.1
18.7
5
38.5
29
1435
20.8

5/17
56.5
19.4
5
37.6
29
1419
20.6

5/18
56.8
19.1
5
38.1
29
1427
20.7

5/19
56.4
19.4
5
37.6
29
1417
20.6

5/20
55.9
19.3
5
37.5
29
1408
20.4

5/23
56.8
19.1
5
38.0
29
1427
20.7

5/25
57.0
18.6
5
38.6
29
1434
20.8

5/24
57.0
19.2
5
38.0
29
1430
20.8

5/26
56.7
19.0
5
38.1
29
1426
20.7

5/27
56.4
19.0
5
38.0
29
1420
20.6

5/31
56.7
19.5
5
37.6
29
1422
20.7

6/1
57.0
19.1
5
38.1
29
1430
20.8

6/2
57.0
18.9
5
38.3
29
1432
20.8

6/3
56.6
19.3
5
37.8
29
1422
20.7

6/6
56.9
19.4
5
37.8
29
1427
20.8

6/7
56.8
19.1
5
38.1
29
1427
20.7

6/8
56.8
19.3
5
37.9
29
1426
20.7

6/9
56.8
19.6
5
37.5
30
1423
20.7

6/10
56.6
19.3
5
37.9
29
1422
20.7

6/13
56.4
19.7
5
37.1
29
1414
20.6

6/14
56.1
19.6
5
37.1
29
1409
20.5

6/15
56.3
19.8
5
36.9
30
1411
20.6

6/16
56.7
19.3
5
37.8
29
1424
20.7

6/20
57.0
18.3
5
38.8
29
1436
20.8

6/21
56.9
17.8
5
39.3
28
1438
20.8

6/22
56.6
18.8
5
38.4
29
1426
20.7

6/23
56.8
17.8
5
39.2
28
1436
20.7

6/24
56.7
18.1
5
38.9
28
1432
20.7

6/27
56.4
18.3
5
38.8
28
1425
20.6

6/28
56.4
17.7
5
39.3
28
1429
20.6

6/29
56.3
18.3
5
38.8
28
1424
20.6

6/30
56.3
19.0
5
38.1
29
1419
20.6

7/1
56.6
18.4
5
38.8
28
1429
20.7

7/4
56.6
18.3
5
38.8
28
1429
20.7

7/5
56.9
17.7
5
39.3
28
1438
20.8

7/6
56.6
17.1
5
39.8
27
1437
20.7

7/7
56.8
17.9
5
39.2
28
1435
20.7

7/8
56.7
18.1
5
39.0
28
1432
20.7

7/12
57.0
18.6
5
38.6
29
1434
20.8

7/13
56.6
18.2
5
38.9
28
1430
20.7

7/14
56.5
18.5
5
38.6
28
1426
20.6

7/15
56.3
18.9
5
38.2
28
1420
20.6

7/19
56.5
18.9
5
38.1
29
1423
20.6

7/20
56.7
18.3
5
38.8
28
1431
20.7

7/21
56.6
18.4
5
38.7
28
1428
20.7

7/22
56.4
18.3
5
38.8
28
1426
20.6

8/15
57.2
17.5
5
39.5
29
1444
20.9

8/16
57.0
17.9
5
39.2
29
1438
20.8

8/17
57.1
18.3
5
38.8
29
1437
20.8

8/18
57.2
18.3
5
38.9
29
1440
20.9

8/19
56.8
17.9
5
39.2
29
1435
20.7

8/22
56.5
19.4
5
37.7
30
1419
20.6

8/23
57.0
19.1
5
38.1
30
1430
20.8

8/26
57.1
19.0
5
38.2
30
1433
20.8

8/27
57.3
17.9
5
39.1
29
1443
20.9

8/29
56.8
18.9
5
38.3
29
1428
20.7

8/30
57.1
18.9
5
38.3
30
1434
20.8

8/31
56.8
19.1
5
38.0
30
1427
20.7
