# year 2020

4/26
56.3
18.8
5
38.3
27
1420
20.6

4/27
56.8
18.6
5
38.7
28
1431
20.7

4/28
56.3
19.0
5
38.1
27
1419
20.6

4/29
56.3
19.2
5
37.8
28
1417
20.6

4/30
57.0
19.2
5
38.1
28
1430
20.8

5/1
56.3
18.9
5
38.2
27
1420
20.6

5/2
56.7
18.6
5
38.6
28
1429
20.7

5/3
56.7
18.5
5
38.8
27
1430
20.7

5/4
56.8
18.5
5
38.8
27
1432
20.7

5/5
56.8
18.1
5
39.1
27
1434
20.7

5/6
56.9
18.3
5
39.0
27
1435
20.8

5/7
56.4
19.3
5
37.8
28
1418
20.6

5/8
56.2
19.4
5
37.5
28
1414
20.5

5/10
57.4
17.9
5
39.4
28
1446
21.0

5/11
56.7
18.7
5
38.6
28
1429
20.7

5/12
56.8
18.0
5
39.2
27
1435
20.7

5/13
56.8
18.0
5
39.2
27
1435
20.7

5/14
56.8
18.2
5
39.0
27
1434
20.7

5/15
56.6
18.1
5
39.1
27
1431
20.7

5/16
56.7
18.3
5
38.9
27
1432
20.7

5/17
56.9
18.6
5
38.7
28
1433
20.8

5/19
56.8
18.8
5
38.4
28
1430
20.7

5/20
56.6
18.9
5
38.4
28
1426
20.7

5/21
56.2
19.3
5
37.6
28
1414
20.5

5/22
56.2
19.3
5
37.7
28
1415
20.5

5/23
56.4
19.3
5
37.8
28
1418
20.6

5/24
56.4
18.8
5
38.3
27
1422
20.6

5/25
56.8
19.0
5
38.3
28
1428
20.7

5/26
56.8
18.9
5
38.4
28
1429
20.7

5/27
56.6
18.7
5
38.5
27
1427
20.7

5/28
56.6
19.3
5
37.9
28
1422
20.7

5/29
56.4
19.1
5
38.1
28
1420
20.6

5/30
56.3
18.7
5
38.4
27
1421
20.6

5/31
56.6
18.8
5
38.4
28
1426
20.7

6/1
56.8
18.6
5
38.7
28
1431
20.7

6/2
56.7
18.9
5
38.3
28
1427
20.7

6/3
56.3
19.0
5
38.1
28
1419
20.6

6/4
56.4
18.6
5
38.6
27
1424
20.6

6/5
57.0
18.2
5
39.1
27
1438
20.8

6/6
56.4
17.9
5
39.2
27
1429
20.6

6/7
56.6
18.2
5
39.0
27
1431
20.7

6/8
56.5
18.9
5
38.3
28
1423
20.6

6/9
56.5
18.5
5
38.7
27
1427
20.6

6/10
56.8
18.1
5
39.1
27
1435
20.7

6/11
56.8
18.0
5
39.2
27
1435
20.7

6/12
56.9
18.0
5
39.2
27
1437
20.8

6/13
56.7
17.6
5
39.5
27
1436
20.7

6/14
56.2
18.1
5
39.0
27
1424
20.5

6/15
56.3
18.7
5
38.5
27
1421
20.6

6/16
56.7
18.8
5
38.4
28
1428
20.7

6/17
56.5
18.3
5
38.9
27
1428
20.6

6/18
56.7
18.2
5
39.0
27
1432
20.7

6/19
56.2
19.0
5
38.1
27
1417
20.5

6/20
56.3
18.5
5
38.7
27
1423
20.6

6/21
56.0
18.3
5
38.8
27
1419
20.4

6/22
56.3
19.1
5
37.9
28
1418
20.6

6/23
56.3
19.6
5
37.2
28
1413
20.6

6/24
56.2
19.1
5
37.9
28
1416
20.5

6/25
56.4
19.1
5
38.1
28
1420
20.6

6/26
55.8
19.2
5
37.6
27
1408
20.4

6/27
55.8
19.1
5
37.8
27
1409
20.4

6/28
56.9
19.0
5
38.0
27
1412
20.4

6/29
56.7
18.5
5
38.7
27
1430
20.7

6/30
56.9
18.2
5
39.0
27
1435
20.8

7/1
56.6
18.5
5
38.7
27
1428
20.7

7/2
56.1
19.0
5
38.1
27
1415
20.5

7/3
56.0
19.2
5
37.7
27
1412
20.4

7/4
56.4
18.9
5
38.3
28
1422
20.6

7/5
56.1
18.8
5
38.2
27
1417
20.5

7/6
56.5
18.8
5
38.3
27
1424
20.6

7/7
56.5
18.0
5
39.2
27
1430
20.6

7/8
55.9
18.9
5
38.1
27
1412
20.4

7/9
56.0
19.2
5
37.7
27
1412
20.4
