# 2025

7/1
54.6
17.7
4
38.9
27
1397
19.9

7/2
54.6
17.9
4
38.7
28
1395
19.9

7/3
54.6
17.3
4
39.3
27
1400
19.9

7/4
54.6
17.6
4
39.0
27
1397
19.9

7/5
54.3
17.9
4
38.6
27
1390
19.8

7/6
54.7
17.2
4
39.4
27
1402
20.0

7/8
54.6
17.8
4
38.9
27
1396
19.9

7/9
55.2
17.2
5
39.4
28
1411
20.2

7/10
54.9
17.3
5
39.4
27
1405
20.0

7/12
55.1
16.3
5
40.1
27
1414
20.1

7/13
55.3
17.4
5
39.3
28
1411
20.2

7/15
54.7
18.3
4
38.4
28
1395
20.0

7/16
54.8
18.2
5
38.5
28
1397
20.0

7/17
55.1
17.2
5
39.4
28
1409
20.1

7/18
55.2
17.5
5
39.2
28
1409
20.2

7/19
55.1
17.7
5
39.0
28
1406
20.1

7/20
55.1
17.8
5
38.9
28
1405
20.1

7/21
55.0
18.4
5
38.3
28
1399
20.1

7/22
54.8
18.6
5
38.1
28
1394
20.0

7/23
54.9
18.5
5
38.1
28
1396
20.0

7/24
55.2
18.2
5
38.5
28
1404
20.2

7/25
55.5
17.4
5
39.3
28
1415
20.3

7/26
55.4
17.9
5
38.8
28
1410
20.2

7/27
55.1
17.4
5
39.3
28
1408
20.1

7/28
55.0
18.1
5
38.6
28
1401
20.1

7/29
55.2
17.8
5
38.9
28
1407
20.2

7/30
54.6
18.9
4
37.6
29
1388
19.9

7/31
54.6
18.6
4
37.9
28
1390
19.9

8/2
54.1
18.5
4
37.9
28
1382
19.8

8/4
54.3
18.0
4
38.5
27
1389
19.8

8/5
54.5
17.5
4
39.1
27
1396
19.9

8/6
54.7
17.6
4
39.0
27
1399
20.0

8/7
54.9
17.1
5
39.5
27
1406
20.0

8/8
54.8
17.7
5
39.0
28
1400
20.0

8/11
54.3
18.5
4
38.0
28
1385
19.8

8/12
54.6
17.4
4
39.2
28
1398
19.9

8/13
54.8
17.7
5
39.0
28
1400
20.0

8/14
55.3
17.3
5
39.3
28
1411
20.2

8/16
54.9
17.2
5
39.4
28
1405
20.0

8/18
54.4
18.3
4
38.2
28
1389
19.9

8/19
54.6
17.9
4
38.7
28
1395
19.9

8/20
54.6
18.0
4
38.7
28
1395
19.9

8/21
54.7
17.4
5
39.2
28
1400
20.0

8/22
54.4
17.7
4
38.9
28
1393
19.9

8/24
54.3
18.4
4
38.1
28
1386
19.8

8/26
54.6
18.2
4
38.4
28
1393
19.9

8/27
55.0
17.7
5
38.9
28
1403
20.1

8/29
54.9
17.7
5
39.0
28
1402
20.0

8/30
54.7
18.2
5
38.4
29
1395
20.0

8/31
53.8
18.9
4
37.1
29
1372
19.6

9/1
54.6
18.3
4
38.3
29
1392
19.9

9/3
54.7
18.2
5
38.4
29
1395
20.0

9/4
54.5
18.5
4
38.1
29
1389
19.9

9/5
55.0
18.1
5
38.5
29
1400
20.1

9/6
54.9
18.5
5
38.2
29
1396
20.0

9/8
54.6
18.7
4
37.8
29
1389
19.9

9/9
54.7
18.1
5
38.5
28
1395
20.0

9/10
54.8
18.2
5
38.5
29
1397
20.0

9/11
54.9
18.6
5
38.0
29
1396
20.0

9/12
55.1
18.4
5
38.3
29
1401
20.1

9/15
54.8
18.0
5
38.6
28
1398
20.0

9/19
54.7
17.4
5
39.2
28
1400
20.0

9/22
54.0
18.5
4
37.9
28
1379
19.7

9/26
54.5
17.7
4
38.9
28
1395
19.9

9/29
54.4
17.7
4
38.9
28
1393
19.9
