# year 2022

1/7
57.3
20.1
5
37.0
31
1427
20.9

1/11
56.5
19.5
5
37.5
29
1418
20.6

1/13
56.7
19.6
5
37.4
30
1421
20.7

1/17
56.7
19.7
5
37.3
30
1420
20.7

1/19
56.1
19.5
5
37.3
29
1410
20.5

1/20
56.4
19.6
5
37.3
29
1415
20.6

1/24
56.6
19.9
5
37.0
30
1416
20.7

1/25
56.4
19.6
5
37.4
29
1416
20.6

1/26
56.4
19.7
5
37.3
29
1415
20.6

1/27
55.9
19.5
5
37.3
29
1407
20.4

1/28
56.1
19.7
5
36.9
29
1408
20.5

1/31
56.2
19.5
5
37.4
29
1412
20.5

2/1
55.8
19.1
5
37.8
28
1409
20.4

2/2
55.9
18.9
5
38.1
28
1412
20.4

2/3
56.0
19.2
5
37.8
29
1412
20.4

2/4
55.8
19.3
5
37.5
29
1407
20.4

2/7
56.5
19.3
5
37.7
29
1419
20.6

2/8
55.9
19.2
5
37.8
28
1410
20.4

2/9
55.7
19.4
5
37.3
29
1404
20.3

2/10
56.2
19.6
5
37.2
29
1411
20.5

2/14
56.5
18.7
5
38.4
28
1424
20.6

2/15
56.3
19.2
5
37.8
29
1417
20.6

2/16
56.2
19.2
5
37.8
29
1416
20.5

2/17
55.6
19.1
5
37.6
28
1405
20.3

2/18
55.7
19.4
5
37.2
29
1403
20.3

2/21
55.8
18.7
5
38.3
28
1412
20.4

2/22
56.2
18.3
5
38.7
28
1422
20.5

2/24
55.7
19.0
5
37.9
28
1408
20.3

2/25
55.7
19.0
5
37.9
28
1408
20.3

2/28
55.8
19.1
5
37.8
28
1409
20.4

3/1
56.0
18.6
5
38.4
28
1416
20.4

3/3
55.8
19.0
5
37.9
28
1409
20.4

3/4
56.0
18.8
5
38.2
28
1415
20.4

3/7
56.2
19.4
5
37.5
29
1413
20.5

3/8
55.8
19.1
5
37.9
28
1409
20.4

3/9
55.6
19.1
5
37.7
28
1405
20.3

3/11
55.6
19.4
5
37.1
29
1401
20.3

3/15
56.1
19.2
5
37.8
29
1414
20.5

3/16
56.4
19.0
5
38.1
29
1421
20.6

3/17
56.2
19.5
5
37.4
29
1413
20.5

3/18
55.9
19.1
5
37.8
28
1410
20.4

3/22
55.9
19.3
5
37.5
29
1409
20.4

3/23
56.3
19.4
5
37.6
29
1415
20.6

3/24
55.5
19.1
5
37.6
28
1403
20.3

3/25
55.6
19.4
5
37.1
29
1401
20.3

3/28
56.2
19.7
5
37.1
29
1411
20.5

3/29
56.1
19.4
5
37.5
29
1412
20.5

3/30
56.1
19.4
5
37.4
29
1411
20.5

3/31
55.7
19.2
5
37.5
28
1405
20.3

4/1
56.1
19.3
5
37.6
29
1413
20.5

4/4
56.5
19.4
5
37.7
29
1419
20.6

4/6
55.7
19.2
5
37.6
28
1406
20.3

4/7
55.6
19.4
5
37.2
28
1402
20.3

4/8
56.2
19.0
5
38.0
29
1417
20.5

4/11
56.0
19.1
5
37.8
28
1412
20.4

4/12
56.2
19.5
5
37.4
29
1413
20.5

4/13
56.1
18.8
5
38.3
28
1417
20.5

4/14
55.8
19.1
5
37.9
28
1409
20.4

4/15
56.2
19.2
5
37.8
29
1415
20.5

4/18
55.8
19.1
5
37.8
28
1409
20.4

4/19
55.6
18.9
5
37.9
28
1406
20.3

4/20
56.1
18.9
5
38.1
28
1416
20.5

4/21
56.3
19.4
5
37.6
29
1416
20.6

4/22
56.0
18.8
5
38.2
28
1415
20.4

4/25
56.1
19.3
5
37.6
29
1413
20.5

4/26
56.7
18.2
5
38.9
28
1432
20.7

4/27
56.1
18.6
5
38.5
28
1418
20.5

4/28
56.1
18.8
5
38.2
28
1417
20.5
