# year 2020

3/19
58.4
17.0
6
40.0
28
1469
21.3

3/20
57.2
19.6
5
37.3
29
1431
20.9

3/21
57.1
19.5
5
37.8
29
1430
20.8

3/22
56.5
19.8
5
36.9
29
1414
20.6

3/23
56.4
18.8
5
38.3
27
1422
20.6

3/24
56.6
19.3
5
37.8
28
1422
20.7

3/25
57.1
18.1
5
39.1
27
1440
20.8

3/26
56.3
19.4
5
37.5
28
1415
20.6

3/27
56.1
19.2
5
37.7
28
1413
20.5

3/28
55.7
18.0
5
39.1
26
1416
20.3

3/29
56.1
18.9
5
38.2
27
1417
20.5

3/30
56.5
18.8
5
38.3
27
1424
20.6

3/31
57.3
16.8
5
40.2
27
1451
20.9

4/1
56.8
19.1
5
38.2
28
1428
20.7

4/2
56.3
19.2
5
37.8
28
1417
20.6

4/3
56.1
18.8
5
38.3
27
1417
20.5

4/4
57.1
19.5
5
37.8
29
1430
20.8

4/5
56.6
18.6
5
38.7
27
1428
20.7

4/6
56.9
18.0
5
39.2
27
1437
20.8

4/7
57.0
18.1
5
39.2
27
1438
20.8

4/8
56.6
18.6
5
38.7
27
1428
20.7

4/9
56.2
18.7
5
38.4
27
1420
20.5

4/10
56.8
18.4
5
38.9
27
1433
20.7

4/11
56.8
18.8
5
38.5
28
1430
20.7

4/12
56.5
18.9
5
38.2
28
1423
20.6

4/13
56.7
19.0
5
38.1
28
1426
20.7

4/14
56.1
19.2
5
37.8
28
1413
20.5

4/15
56.3
19.2
5
37.9
28
1417
20.6

4/16
56.2
19.2
5
37.9
28
1416
20.5

4/17
56.3
19.0
5
38.0
28
1418
20.6

4/18
56.7
19.1
5
38.1
28
1425
20.7

4/19
56.3
18.4
5
38.8
27
1424
20.6

4/20
56.3
19.0
5
38.0
28
1419
20.6

4/21
56.6
18.3
5
39.0
27
1430
20.7

4/22
56.6
18.7
5
38.5
27
1427
20.7

4/23
56.7
18.8
5
38.4
28
1428
20.7

4/24
56.5
18.9
5
38.3
28
1424
20.6

4/25
56.7
18.6
5
38.6
28
1429
20.7

