# 2024

10/1
55.1
18.7
5
38.1
29
1399
20.1

10/3
55.6
18.6
5
38.2
29
1408
20.3

10/4
55.8
17.9
5
39.0
29
1417
20.4

10/5
55.6
18.4
5
38.5
29
1410
20.3

10/6
55.4
18.2
5
38.6
29
1407
20.2

10/7
55.6
18.3
5
38.6
29
1411
20.3

10/8
55.6
18.2
5
38.6
29
1411
20.3

10/9
55.7
18.3
5
38.6
29
1412
20.3

10/10
55.7
18.1
5
38.8
29
1414
20.3

10/11
55.6
18.0
5
38.8
29
1412
20.3

10/13
55.4
19.0
5
37.8
29
1402
20.2

10/14
55.2
18.0
5
38.8
28
1406
20.2

10/15
55.8
18.4
5
38.5
29
1413
20.4

10/16
55.6
17.7
5
39.1
28
1415
20.3

10/17
55.7
18.0
5
38.9
29
1415
20.3

10/18
55.3
18.0
5
38.8
28
1407
20.2

10/19
55.8
17.5
5
39.3
28
1419
20.4

10/20
55.7
18.6
5
38.3
29
1410
20.3

10/21
55.4
18.7
5
38.1
29
1404
20.2

10/22
55.8
17.9
5
39.0
29
1417
20.4

10/23
55.8
17.8
5
39.1
29
1418
20.4

10/24
55.8
17.5
5
39.3
28
1419
20.4

10/25
55.9
17.8
5
39.1
29
1419
20.4

10/26
55.6
17.7
5
39.1
28
1415
20.3

10/27
55.6
18.1
5
38.8
29
1412
20.3

10/28
55.2
18.4
5
38.4
29
1403
20.2

10/29
55.7
17.9
5
38.9
29
1415
20.3

10/30
55.9
17.5
5
39.3
29
1421
20.4

10/31
55.5
17.4
5
39.4
28
1415
20.3

11/1
55.6
18.1
5
38.7
29
1412
20.3

11/2
55.7
17.5
5
39.3
28
1418
20.3

11/4
55.4
17.5
5
39.3
28
1412
20.2

11/5
55.7
18.6
5
38.3
29
1410
20.3

11/6
55.4
18.6
5
38.2
29
1405
20.2

11/8
55.6
18.3
5
38.5
29
1410
20.3

11/9
55.3
18.0
5
38.8
28
1407
20.2

11/10
55.6
18.5
5
38.3
29
1409
20.3

11/11
55.3
18.7
5
38.0
29
1402
20.2

11/12
55.5
18.7
5
38.2
29
1406
20.3

11/14
55.5
18.7
5
38.2
29
1406
20.3

11/16
55.2
18.1
5
38.7
28
1405
20.2

11/18
55.1
18.7
5
38.0
29
1399
20.1

11/19
55.2
18.7
5
38.1
29
1401
20.2

11/20
55.6
18.7
5
38.2
29
1408
20.3

11/21
55.5
18.6
5
38.2
29
1407
20.3

11/22
55.5
18.3
5
38.5
29
1408
20.3

11/23
55.6
18.6
5
38.2
29
1408
20.3

11/26
55.4
18.6
5
38.2
29
1405
20.2

11/27
55.6
18.6
5
38.3
29
1409
20.3

11/28
55.6
18.8
5
38.0
29
1407
20.3

11/29
55.6
19.3
5
37.4
30
1403
20.3

12/1
54.9
19.3
5
37.0
29
1389
20.0

12/3
55.3
18.9
5
37.9
29
1401
20.2

12/4
55.4
18.7
5
38.1
29
1404
20.2

12/5
55.7
18.7
5
38.2
29
1410
20.3

12/6
55.5
18.7
5
38.1
29
1406
20.3

12/7
55.4
18.9
5
37.9
29
1403
20.2

12/8
55.1
19.0
5
37.6
29
1396
20.1

12/9
55.4
19.3
5
37.4
30
1399
20.2

12/10
55.7
18.7
5
38.2
29
1410
20.3

12/11
55.8
18.6
5
38.3
29
1412
20.4

12/12
55.6
18.6
5
38.2
29
1408
20.3

12/13
55.7
18.7
5
38.2
29
1410
20.3

12/14
55.9
18.7
5
38.2
30
1413
20.4

12/15
55.7
18.9
5
38.0
30
1408
20.3

12/16
55.8
19.3
5
37.6
30
1407
20.4

12/17
56.2
18.7
5
38.3
30
1419
20.5

12/18
56.0
18.5
5
38.4
29
1416
20.4

12/19
55.7
18.9
5
38.0
30
1408
20.3

12/20
55.8
19.3
5
37.6
30
1407
20.4

12/21
55.8
19.0
5
37.9
30
1409
20.4

12/22
56.2
19.4
5
37.5
30
1413
20.5

12/23
55.8
19.1
5
37.8
30
1408
20.4

12/24
56.0
19.2
5
37.7
30
1411
20.4

12/25
56.2
19.5
5
37.4
31
1413
20.5

12/26
56.4
19.5
5
37.5
31
1416
20.6

12/27
56.1
19.4
5
37.5
30
1412
20.5

12/28
55.9
19.5
5
37.3
30
1407
20.4

12/29
55.7
19.1
5
37.7
30
1406
20.3

12/30
55.3
19.3
5
37.3
30
1397
20.2

12/31
55.4
19.0
5
37.8
29
1402
20.2
