# year 2021

11/18
56.2
18.1
5
39.0
28
1423
20.5

11/22
55.7
18.1
5
38.9
27
1414
20.3

11/24
56.1
18.3
5
38.8
28
1420
20.5

11/25
55.8
18.5
5
38.5
28
1413
20.4

11/26
56.0
18.4
5
38.6
28
1418
20.4

11/29
55.8
19.3
5
37.6
29
1407
20.4

11/30
55.5
18.8
5
38.1
28
1405
20.3

12/1
56.2
18.2
5
38.9
28
1422
20.5

12/2
55.7
18.5
5
38.5
28
1412
20.3

12/3
55.7
18.6
5
38.4
28
1411
20.3

12/6
55.7
19.0
5
37.9
28
1407
20.3

12/7
55.5
19.1
5
37.7
28
1403
20.3

12/8
55.8
18.6
5
38.4
28
1413
20.4

12/9
55.8
18.4
5
38.7
28
1414
20.4

12/10
55.8
19.0
5
38.0
28
1410
20.4

12/13
55.8
19.2
5
37.7
28
1408
20.4

12/14
55.3
18.9
5
37.8
28
1401
20.2

12/15
55.8
18.9
5
38.2
28
1411
20.4

12/16
55.7
18.9
5
38.0
28
1408
20.3

12/20
55.7
19.1
5
37.7
28
1406
20.3

12/21
56.2
18.6
5
38.5
28
1420
20.5

12/22
55.6
19.1
5
37.6
28
1404
20.3

12/23
56.0
18.8
5
38.3
28
1415
20.4

12/24
56.2
18.3
5
38.8
28
1422
20.5

# year 2022

1/5
57.0
19.9
5
37.1
30
1424
20.8
