# year 2023

11/1
54.4
18.2
4
38.4
27
1390
19.9

11/2
54.1
18.3
4
38.1
27
1383
19.8

11/3
54.1
17.7
4
38.9
26
1388
19.8

11/4
53.6
18.1
4
38.2
26
1375
19.6

11/5
54.0
17.9
4
38.6
27
1384
19.7

11/6
54.2
18.3
4
38.2
27
1385
19.8

11/7
54.4
17.9
4
38.7
27
1392
19.9

11/9
54.2
18.4
4
38.1
27
1384
19.8

11/10
54.3
17.5
4
39.1
26
1393
19.8

11/12
54.6
17.9
4
38.9
27
1396
19.9

11/13
54.8
18.1
4
38.7
27
1398
20.0

11/14
55.0
18.6
5
38.2
28
1398
20.1

11/15
54.7
18.5
4
38.1
28
1393
20.0

11/16
54.8
18.1
4
38.7
27
1398
20.0

11/17
54.6
18.6
4
37.9
28
1390
19.9

11/18
54.7
18.1
4
38.6
27
1396
20.0

11/19
54.6
18.3
4
38.4
27
1393
19.9

11/20
54.2
18.7
4
37.6
28
1381
19.8

11/23
54.4
18.2
4
38.5
27
1390
19.9

11/24
54.4
18.1
4
38.6
27
1391
19.9

11/25
54.5
18.2
4
38.4
27
1391
19.9

11/27
54.1
18.4
4
38.0
27
1382
19.8

11/28
54.2
18.1
4
38.4
27
1387
19.8

11/29
54.3
18.3
4
38.2
27
1387
19.8

11/30
54.5
18.0
4
38.7
27
1393
19.9

12/1
54.4
18.1
4
38.5
27
1390
19.9

12/2
54.5
18.2
4
38.4
27
1391
19.9

12/4
54.3
18.3
4
38.2
27
1387
19.8

12/5
54.6
17.8
4
39.0
27
1397
19.9

12/6
54.6
18.6
4
38.0
28
1390
19.9

12/7
54.7
18.4
4
38.2
28
1393
20.0

12/8
54.8
18.4
4
38.3
28
1396
20.0

12/9
54.4
18.4
4
38.1
27
1388
19.9

12/11
54.4
18.5
4
38.1
27
1387
19.9

12/12
54.5
18.3
4
38.3
27
1391
19.9

12/13
54.5
18.4
4
38.2
27
1390
19.9

12/14
54.7
18.6
4
38.0
28
1392
20.0

12/15
54.7
18.0
4
38.7
27
1397
20.0

12/16
54.7
18.2
4
38.5
28
1395
20.0

12/17
54.5
18.7
4
37.7
28
1387
19.9

12/18
54.4
18.7
4
37.7
28
1385
19.9

12/19
54.5
18.4
4
38.2
27
1390
19.9

12/20
54.8
18.2
4
38.6
27
1397
20.0

12/21
55.0
18.3
5
38.5
28
1400
20.1

12/22
54.7
18.4
4
38.2
28
1393
20.0

12/23
54.5
18.1
4
38.6
27
1392
19.9

12/25
54.3
18.7
4
37.6
28
1383
19.8

12/26
55.0
18.5
5
38.2
28
1398
20.1

12/27
54.7
18.6
4
38.1
28
1392
20.0

12/28
54.2
18.6
4
37.7
28
1382
19.8

12/29
54.2
18.2
4
38.3
27
1386
19.8

12/31
54.3
18.6
4
37.8
28
1384
19.8

