# year 2020

7/10
55.8
19.1
5
37.7
27
1408
20.4

7/13
56.4
19.0
5
38.2
28
1421
20.6

7/14
56.1
18.5
5
38.7
27
1420
20.5

7/15
56.2
19.0
5
38.1
27
1417
20.7

7/16
56.2
18.9
5
38.2
27
1418
20.5

7/17
55.6
19.1
5
37.7
27
1405
20.3

7/18
56.2
19.3
5
37.6
28
1414
20.5

7/20
56.2
19.1
5
37.9
28
1416
20.5

7/21
56.4
18.7
5
38.5
27
1423
20.6

7/25
56.1
18.3
5
38.8
27
1421
20.5

7/27
56.9
18.9
5
38.4
28
1431
20.8

7/28
56.5
18.9
5
38.3
28
1424
20.6

7/29
56.3
19.4
5
37.5
28
1415
20.6

7/30
56.4
19.4
5
37.6
28
1417
20.6

7/31
56.2
19.0
5
38.0
27
1417
20.5

8/3
56.4
18.9
5
38.2
28
1422
20.6

8/4
56.5
18.5
5
38.7
27
1426
20.6

8/5
56.4
18.9
5
38.3
28
1422
20.6

8/6
56.6
18.3
5
38.9
27
1430
20.7

8/7
56.4
18.9
5
38.3
27
1422
20.6

8/8
56.3
18.9
5
38.2
27
1420
20.6

8/12
56.8
19.0
5
38.2
28
1428
20.7

8/13
56.7
18.9
5
38.4
28
1427
20.7

8/14
57.1
19.0
5
38.4
29
1434
20.8

8/17
56.7
19.5
5
37.6
29
1422
20.7

8/19
56.9
19.5
5
37.7
29
1426
20.8

8/20
56.6
18.9
5
38.3
28
1425
20.7

8/21
56.8
19.0
5
38.2
28
1428
20.7

8/24
56.8
19.1
5
38.1
29
1427
20.7

8/25
57.3
18.5
5
38.8
28
1440
20.9

8/26
57.1
18.8
5
38.5
29
1435
20.8

8/27
56.7
19.0
5
38.2
28
1426
20.7

8/28
57.1
18.7
5
38.6
28
1436
20.8

9/3
57.6
16.8
5
40.1
27
1456
21.0

9/4
56.3
18.7
5
38.4
28
1421
20.6

9/6
56.8
18.2
5
39.0
28
1433
20.7

9/7
56.7
19.0
5
38.2
28
1426
20.7

9/14
56.4
19.0
5
38.1
28
1421
20.6

9/15
56.3
18.8
5
38.3
28
1420
20.6

9/16
56.2
19.2
5
37.8
28
1415
20.5

9/17
56.6
18.7
5
38.5
28
1426
20.7

9/19
56.2
19.1
5
37.9
28
1416
20.5

9/23
56.0
19.1
5
37.8
28
1412
20.4

9/24
56.2
18.9
5
38.2
28
1418
20.5

9/25
55.8
19.4
5
37.3
28
1406
20.4

9/26
55.7
18.7
5
38.3
27
1410
20.3

9/29
56.2
18.7
5
38.4
28
1419
20.5

9/30
55.6
19.0
5
37.7
28
1405
20.3

10/2
55.6
19.0
5
37.9
27
1406
20.3

10/3
56.1
18.5
5
38.6
27
1419
20.5

10/4
55.8
18.8
5
38.2
27
1411
20.4

10/5
56.3
19.2
5
37.9
28
1417
20.6

10/6
55.8
19.0
5
37.9
28
1409
20.4

10/7
55.8
19.1
5
37.8
28
1409
20.4

10/8
56.0
19.0
5
38.0
28
1413
20.4

10/9
55.8
19.3
5
37.6
28
1407
20.4
