# 2024

7/1
54.7
18.0
4
38.7
27
1397
20.0

7/2
55.0
17.4
5
39.3
27
1406
20.1

7/3
55.2
18.4
5
38.3
28
1403
20.2

7/4
54.8
17.9
4
38.8
27
1399
20.0

7/5
54.9
17.8
4
38.9
27
1402
20.0

7/6
54.7
18.3
4
38.3
28
1394
20.0

7/7
54.7
18.4
4
38.3
28
1394
20.0

7/8
54.8
18.4
4
38.3
28
1395
20.0

7/9
54.8
18.6
4
38.0
28
1394
20.0

7/10
54.8
18.5
4
38.2
28
1395
20.0

7/11
55.3
18.2
5
38.6
28
1406
20.2

7/12
54.9
18.2
4
38.5
28
1399
20.0

7/13
54.8
18.0
4
38.7
24
1399
20.0

7/14
55.1
18.4
5
38.4
28
1402
20.1

7/15
54.8
18.4
4
38.2
28
1395
20.0

7/16
54.9
18.4
4
38.3
28
1397
20.0

7/17
55.0
17.5
5
39.2
27
1405
20.1

7/18
55.1
17.5
5
39.3
27
1408
20.1

7/19
55.1
17.2
5
39.5
27
1410
20.1

7/20
55.3
17.1
5
39.6
27
1413
20.2

7/21
55.1
17.8
5
39.0
27
1405
20.1

7/22
55.0
18.3
5
38.5
28
1400
20.1

7/23
54.8
18.0
4
38.7
27
1399
20.0

7/24
55.3
17.4
5
39.3
27
1411
20.2

7/25
55.3
17.3
5
39.4
27
1412
20.2

7/26
55.2
17.6
5
39.2
27
1408
20.2

7/27
55.2
17.9
5
38.9
28
1407
20.2

7/28
54.7
18.3
4
38.4
28
1395
20.0

7/29
54.8
18.4
4
38.3
28
1396
20.0

7/30
54.9
17.9
4
38.9
27
1401
20.0

7/31
55.1
18.0
5
38.8
28
1404
20.1

8/1
55.4
17.3
5
39.4
27
1414
20.2

8/2
55.2
17.5
5
39.2
27
1409
20.2

8/3
55.6
16.8
5
39.9
27
1420
20.3

8/4
55.4
17.9
5
38.9
28
1410
20.2

8/5
55.1
18.2
5
38.6
28
1402
20.1

8/6
55.1
17.8
5
39.0
27
1406
20.1

8/7
55.0
17.8
5
39.0
27
1404
20.1

8/8
55.2
18.1
5
38.7
28
1405
20.2

8/9
54.9
17.8
4
39.0
27
1402
20.0

8/10
55.1
17.4
5
39.3
28
1408
20.1

8/11
55.3
18.0
5
38.8
28
1407
20.2

8/12
55.1
18.3
5
38.4
28
1401
20.1

8/13
55.4
18.0
5
38.8
28
1409
20.2

8/14
55.4
17.1
5
39.6
28
1415
20.2

8/15
55.5
18.0
5
38.8
29
1411
20.3

8/16
55.7
17.4
5
39.4
28
1418
20.3

8/17
55.3
18.2
5
38.6
29
1406
20.2

8/18
55.2
18.0
5
38.8
28
1406
20.2

8/19
55.5
18.3
5
38.5
29
1409
20.3

8/20
55.6
17.4
5
39.3
28
1416
20.3

8/21
55.6
17.5
5
39.3
28
1416
20.3

8/22
55.5
17.8
5
39.0
28
1412
20.3

8/23
55.5
18.1
5
38.7
29
1410
20.3

8/24
55.3
18.3
5
38.5
29
1405
20.2

8/26
55.3
17.9
5
38.9
28
1408
20.2

8/27
55.2
17.5
5
39.2
28
1408
20.2

8/28
55.3
17.4
5
39.3
28
1411
20.2

8/29
55.1
16.8
5
39.8
27
1411
20.1

8/30
55.1
18.0
5
38.8
28
1404
20.1

8/31
54.8
18.6
5
38.1
28
1394
20.0

9/2
54.8
18.6
5
38.0
28
1394
20.0

9/4
55.3
17.7
5
39.1
28
1409
20.2

9/5
55.6
17.6
5
39.2
28
1415
20.3

9/6
55.4
17.9
5
38.9
28
1410
20.2

9/8
55.1
18.2
5
38.5
28
1402
20.1

9/11
54.9
18.3
5
38.4
28
1398
20.0

9/11
55.4
18.4
5
38.4
29
1406
20.2

9/13
55.4
18.1
5
38.7
29
1408
20.2

9/16
54.7
18.2
4
38.5
28
1395
20.0

9/17
55.0
18.3
5
38.4
28
1400
20.1

9/18
55.2
18.2
5
38.6
28
1404
20.2

9/19
55.4
18.0
5
38.8
28
1409
20.2

9/20
55.4
18.0
5
38.8
28
1409
20.2

9/22
55.0
18.3
5
38.4
28
1400
20.1

9/23
55.1
18.1
5
38.7
28
1403
20.1

9/24
55.0
18.3
5
38.5
28
1400
20.1

9/25
55.4
18.0
5
38.8
28
1409
20.2

9/26
55.3
18.0
5
38.8
28
1407
20.2

9/27
55.1
18.1
5
38.7
28
1403
20.1

9/28
55.4
18.2
5
38.6
29
1407
20.2

9/29
55.4
18.5
5
38.3
29
1406
20.2

9/30
55.1
18.8
5
37.9
29
1398
20.1