# 2023

1/1
57.4
20.1
5
37.1
31
1430
21.0

1/2
57.4
19.9
5
37.4
31
1432
21.0

1/4
57.9
19.7
6
37.7
31
1442
21.1

1/5
57.6
19.8
6
37.5
31
1436
21.0

1/6
58.0
19.7
6
37.7
31
1444
21.2

1/7
57.8
19.8
6
37.5
31
1440
21.1

1/10
57.4
20.1
5
37.1
31
1430
21.0

1/11
57.4
19.7
5
37.6
31
1433
21.0

1/12
57.3
19.8
5
37.4
31
1430
20.9

1/13
57.6
18.7
6
38.6
30
1444
21.0

1/17
57.8
19.6
6
37.7
31
1441
21.1

1/18
57.7
19.5
6
37.9
31
1440
21.1

1/19
57.6
19.4
6
37.9
31
1439
21.0

1/20
57.5
19.2
6
38.1
30
1438
21.0

1/21
57.3
19.6
5
37.6
31
1432
20.9

1/23
56.9
19.9
5
37.2
31
1422
20.8

1/24
56.9
19.8
5
37.3
30
1423
20.8

1/25
56.7
19.9
5
37.1
30
1419
20.7

1/26
56.9
20.0
5
37.0
31
1421
20.8

1/27
57.2
19.9
5
37.2
31
1427
20.9

1/28
57.1
20.0
5
37.1
31
1425
20.8

1/29
57.1
19.9
5
37.3
31
1426
20.8

1/30
56.7
20.1
5
36.8
31
1417
20.7

1/31
56.6
19.6
5
37.4
30
1419
20.7

2/1
56.9
19.8
5
37.3
30
1423
20.8

2/2
57.4
19.4
5
37.9
30
1435
21.0

2/3
57.2
19.7
5
37.5
31
1429
20.9

2/4
56.7
19.6
5
37.4
30
1421
20.7

2/5
56.6
19.8
5
37.2
30
1418
20.7

2/6
56.5
19.8
5
37.2
30
1416
20.6

2/7
56.9
19.6
5
37.5
30
1424
20.8

2/8
56.8
19.4
5
37.7
30
1424
20.7

2/9
56.6
19.5
5
37.6
30
1420
20.7

2/10
56.7
19.4
5
37.6
30
1422
20.7

2/11
56.7
19.4
5
37.7
30
1423
20.7

2/12
57.0
19.3
5
37.9
30
1429
20.8

2/13
56.6
19.2
5
37.9
30
1422
20.7

2/14
56.4
19.4
5
37.6
30
1417
20.6

2/15
56.7
19.4
5
37.6
30
1423
20.7

2/16
56.5
19.4
5
37.6
30
1419
20.6

2/17
56.7
19.6
5
37.5
30
1421
20.7

2/18
56.5
19.4
5
37.6
30
1419
20.6

2/19
56.4
19.8
5
37.0
30
1413
20.6

2/20
56.3
19.3
5
37.6
29
1416
20.6

2/21
56.5
19.5
5
37.5
30
1418
20.6

2/22
56.6
20.0
5
36.9
30
1416
20.7

2/23
56.8
19.3
5
37.8
30
1425
20.7

2/24
56.8
19.5
5
37.6
30
1424
20.7

2/26
56.8
19.9
5
37.1
30
1420
20.7

2/27
56.6
19.4
5
37.6
30
1421
20.7

2/28
56.4
19.7
5
37.1
30
1414
20.6

3/1
56.5
19.8
5
37.1
30
1416
20.6

3/2
56.4
19.5
5
37.5
30
1416
20.6

3/3
56.4
19.5
5
37.4
30
1416
20.6

3/6
56.4
19.4
5
37.5
30
1417
20.6

3/7
56.7
19.9
5
37.1
30
1419
20.7

3/8
56.9
19.2
5
37.9
30
1428
20.8

3/9
56.4
19.5
5
37.5
30
1417
20.6

3/10
56.8
19.2
5
38.0
30
1426
20.7

3/11
56.8
18.8
5
38.4
29
1429
20.7

3/12
56.7
19.0
5
38.1
29
1426
20.7

3/13
56.9
19.7
5
37.4
30
1424
20.8

3/14
56.5
20.0
5
36.7
30
1413
20.6

3/15
56.8
19.6
5
37.5
30
1423
20.7

3/16
56.9
19.4
5
37.7
30
1426
20.8

3/17
56.7
18.8
5
38.3
29
1427
20.7

3/19
56.5
19.4
5
37.6
30
1419
20.6

3/21
56.6
18.9
5
38.2
29
1425
20.7

3/22
56.8
18.6
5
38.5
29
1430
20.7

3/23
57.1
18.4
5
38.7
29
1437
20.8

3/24
56.9
18.2
5
38.9
29
1435
20.8

3/25
56.7
18.2
5
38.8
29
1431
20.7

3/26
56.7
18.5
5
38.6
29
1429
20.7

3/27
56.8
19.1
5
38.1
30
1427
20.7

3/28
56.6
19.4
5
37.7
30
1421
20.7

3/29
56.6
19.0
5
38.1
29
1424
20.7

3/30
56.7
19.2
5
37.9
30
1424
20.7

3/31
56.5
19.1
5
37.9
29
1421
20.6
