# year 2022

11/1
57.8
19.6
6
37.7
31
1441
21.1

11/2
57.5
19.9
6
37.4
31
1433
21.0

11/3
57.9
19.5
6
37.8
31
1443
21.1

11/4
57.4
20.2
5
37.0
31
1429
21.0

11/5
57.5
19.7
6
37.6
31
1435
21.0

11/7
57.0
19.9
5
37.2
31
1424
20.8

11/8
57.3
19.5
5
37.8
30
1433
20.9

11/9
57.3
19.6
5
37.6
31
1432
20.9

11/10
57.4
19.6
5
37.7
31
1434
21.0

11/11
57.4
19.9
5
37.4
31
1432
21.0

11/12
57.6
19.7
6
37.6
31
1437
21.0

11/14
57.4
20.2
5
37.0
31
1429
21.0

11/15
57.4
20.1
5
37.1
31
1430
21.0

11/16
57.6
19.4
6
38.0
31
1439
21.0

11/17
57.6
19.8
6
37.6
31
1436
21.0

11/19
57.1
19.5
5
37.7
30
1429
20.8

11/20
57.3
19.2
5
38.0
30
1435
20.9

11/21
56.9
19.3
5
37.8
30
1427
20.8

11/22
57.0
18.7
5
38.5
30
1433
20.8

11/23
57.1
18.4
5
38.7
29
1437
20.8

11/24
57.3
18.8
5
38.4
30
1438
20.9

11/25
57.0
19.5
5
37.7
30
1428
20.8

11/26
56.9
19.3
5
37.8
30
1427
20.8

11/27
57.2
19.1
5
38.2
30
1434
20.9

11/28
56.5
19.6
5
37.4
30
1417
20.6

11/29
56.5
19.2
5
37.8
30
1420
20.6

11/30
56.9
19.1
5
38.0
30
1428
20.8

12/1
56.8
19.1
5
38.0
30
1427
20.7

12/2
56.8
19.3
5
37.9
30
1425
20.7

12/3
56.8
19.5
5
37.6
30
1423
20.7

12/4
57.1
19.1
5
38.2
30
1432
20.8

12/7
56.8
20.2
5
36.7
31
1417
20.7

12/8
56.6
19.7
5
37.4
30
1419
20.7

12/9
56.9
19.1
5
38.0
30
1428
20.8

12/10
57.1
19.1
5
38.1
30
1432
20.8

12/11
56.6
19.0
5
38.1
29
1424
20.7

12/12
56.9
19.4
5
37.8
30
1426
20.8

12/13
57.1
19.7
5
37.5
30
1428
20.8

12/14
57.1
19.7
5
37.5
30
1428
20.8

12/15
56.9
19.8
5
37.3
30
1423
20.8

12/16
56.9
19.1
5
38.1
30
1428
20.8

12/19
57.1
20.1
5
37.0
31
1424
20.8

12/21
56.5
19.8
5
37.2
30
1416
20.6

12/22
56.9
20.0
5
37.1
31
1422
20.8

12/23
57.3
19.6
5
37.7
30
1432
20.9

12/24
57.3
19.6
5
37.6
31
1432
20.9

12/25
57.2
19.3
5
38.0
30
1433
20.9

12/26
57.1
19.7
5
37.5
30
1427
20.8

12/27
57.0
19.6
5
37.6
30
1427
20.8

12/28
57.4
19.6
5
37.7
31
1434
21.0

12/30
57.8
19.6
6
37.8
31
1441
21.1

12/31
57.7
19.5
6
37.8
31
1440
21.1
