# year 2021

3/18
55.7
18.5
5
38.5
27
1412
20.3

3/19
55.3
18.9
4
37.8
27
1401
20.2

3/22
55.8
19.0
5
37.9
28
1410
20.4

3/23
56.2
19.0
5
38.1
28
1417
20.5

3/24
55.8
19.0
5
37.9
28
1409
20.4

3/25
56.0
18.6
5
38.4
27
1416
20.4

3/26
56.0
19.1
5
37.8
28
1412
20.4

3/29
56.2
18.5
5
38.6
27
1421
20.5

3/30
56.4
18.7
5
38.4
28
1423
20.6

3/31
55.8
19.1
5
37.8
28
1409
20.4

4/1
56.5
18.9
5
38.3
28
1424
20.6

4/2
56.8
18.5
5
38.8
28
1432
20.7

4/5
57.0
17.1
5
39.9
27
1444
20.8

4/6
56.6
18.2
5
38.9
28
1430
20.7

4/7
56.7
18.6
5
38.6
28
1429
20.7

4/8
56.2
18.9
5
38.2
28
1418
20.5

4/9
56.6
18.6
5
38.6
28
1427
20.7

4/13
56.4
19.4
5
37.7
29
1418
20.6

4/14
56.2
18.7
5
38.4
28
1420
20.5

4/15
56.5
18.7
5
38.5
28
1425
20.6

4/16
56.6
18.9
5
38.2
28
1425
20.7

4/19
57.1
18.9
5
38.4
29
1434
20.8

4/20
56.4
18.9
5
38.2
28
1421
20.6

4/21
56.5
18.6
5
38.6
28
1426
20.6

4/22
56.2
19.0
5
38.0
28
1417
20.5

4/23
56.6
18.9
5
38.2
28
1425
20.7

4/27
56.2
19.0
5
38.0
28
1417
20.5

4/28
56.5
18.4
5
38.7
28
1427
20.6

4/30
56.9
17.1
5
39.9
27
1442
20.8

5/1
56.5
18.5
5
38.6
28
1426
20.6

5/2
56.3
18.7
5
38.4
28
1421
20.6

5/4
55.9
18.9
5
38.0
28
1412
20.4

5/5
57.1
19.1
5
38.1
29
1432
20.8

5/9
56.6
19.1
5
38.1
28
1424
20.7

5/10
56.6
19.4
5
37.7
29
1421
20.7

5/11
56.7
18.8
5
38.3
28
1427
20.7

5/12
57.1
19.3
5
38.0
29
1431
20.8

5/14
56.3
18.8
5
38.3
28
1420
20.6

5/17
56.7
19.1
5
38.0
29
1425
20.7

5/18
56.8
18.0
5
39.2
28
1435
20.7

5/19
56.8
18.3
5
38.9
28
1433
20.7

5/20
56.3
19.1
5
37,9
28
1418
20.6

5/21
56.2
19.3
5
37.7
28
1415
20.5

5/23
56.2
19.2
5
37.8
28
1416
20.5

5/24
56.5
19.2
5
37.9
28
1421
20.6

5/25
56.9
19.1
5
38.1
29
1429
20.8

5/26
56.8
18.7
5
38.5
28
1430
20.7

5/27
56.7
18.9
5
38.3
28
1427
20.7

5/28
56.4
18.9
5
38.3
28
1422
20.6

5/29
56.5
19.1
5
38.1
28
1422
20.6
