# 2024

5/1
54.5
17.8
4
38.8
27
1395
19.9

5/2
54.8
17.9
4
38.9
27
1400
20.0

5/3
54.5
18.2
4
38.4
27
1392
19.9

5/5
55.0
18.5
5
38.2
28
1398
20.1

5/6
54.7
17.8
4
38.9
27
1398
20.0

5/7
55.3
18.1
5
38.7
28
1407
20.2

5/8
55.3
18.0
5
38.8
28
1408
20.2

5/9
55.1
18.1
5
38.7
28
1403
20.1

5/10
55.4
18.3
5
38.5
28
1407
20.2

5/12
54.6
18.3
4
38.3
27
1393
19.9

5/13
55.0
18.3
5
38.4
28
1400
20.1

5/14
55.0
17.9
5
38.9
27
1403
20.1

5/15
54.9
18.2
4
38.5
28
1399
20.0

5/16
54.6
18.0
4
38.7
27
1395
19.9

5/17
54.6
18.4
4
38.3
27
1392
19.9

5/18
54.2
18.4
4
38.0
27
1384
19.8

5/19
54.6
18.5
4
38.1
28
1391
19.9

5/20
54.4
18.6
4
37.8
28
1386
19.9

5/21
54.8
18.0
4
38.7
27
1399
20.0

5/22
54.7
17.7
4
38.9
27
1399
20.0

5/23
54.8
17.8
4
39.0
27
1400
20.0

5/25
55.0
17.1
5
39.5
27
1408
20.1

5/26
54.6
18.0
4
38.7
27
1395
19.9

5/27
54.7
18.2
4
38.5
27
1395
20.0

5/28
54.8
18.1
4
38.6
27
1398
20.0

5/29
55.1
17.5
5
39.2
27
1407
20.1

5/30
55.0
17.6
5
39.1
27
1405
20.1


6/1
55.0
18.0
5
38.7
27
1402
20.1

6/6
54.0
18.0
4
38.4
27
1384
19.7

6/10
54.5
18.1
4
38.6
27
1393
19.9

6/11
54.9
18.0
4
38.7
27
1400
20.0

6/12
54.8
17.8
4
38.9
27
1400
20.0

6/13
55.1
18.0
5
38.7
28
1404
20.1

6/14
55.0
17.3
5
39.4
27
1407
20.1

6/15
55.0
17.0
5
39.6
27
1409
20.1

6/16
55.0
17.8
5
38.9
27
1403
20.1

6/18
54.9
17.9
4
38.8
27
1401
20.0

6/19
54.7
17.9
4
38.8
27
1398
20.0

6/20
54.9
17.4
4
39.3
27
1404
20.0

6/21
54.7
17.6
4
39.1
27
1399
20.0

6/22
54.7
17.2
4
39.5
27
1402
20.0

6/24
54.7
17.8
4
38.9
27
1398
20.0

6/25
54.8
17.7
4
39.0
27
1401
20.0

6/26
54.7
18.0
4
38.7
27
1397
20.0

6/27
54.7
18.0
4
38.7
27
1397
20.0

6/28
54.7
17.8
4
38.9
27
1398
20.0

6/29
54.9
17.8
4
38.9
27
1402
20.0

6/30
55.2
17.9
5
38.9
28
1406
20.2
