# 2025

4/1
55.1
18.9
5
37.8
29
1397
20.1

4/2
55.3
19.0
5
37.7
29
1400
20.2

4/3
55.3
19.2
5
37.5
29
1398
20.2

4/4
55.2
18.6
5
38.1
29
1401
20.2

4/5
55.2
18.9
5
37.8
29
1399
20.2

4/6
55.1
18.7
5
38.0
29
1399
20.1

4/7
55.8
18.5
5
38.4
29
1413
20.4

4/8
55.6
18.6
5
38.2
29
1408
20.3

4/9
56.1
18.6
5
38.3
30
1417
20.5

4/10
55.6
18.5
5
38.3
29
1409
20.3

4/11
55.4
18.9
5
37.8
29
1402
20.2

4/12
55.3
18.3
5
38.5
29
1406
20.2

4/13
55.6
18.5
5
38.3
29
1409
20.3

4/14
55.4
19.2
5
37.4
30
1400
20.2

4/15
55.5
19.2
5
37.5
30
1402
20.3

4/16
55.3
18.8
5
37.9
29
1402
20.2

4/17
55.6
18.7
5
38.1
29
1408
20.3

4/18
55.8
17.9
5
38.9
29
1417
20.4

4/19
55.5
17.8
5
38.9
28
1412
20.3

4/21
55.4
18.5
5
38.3
29
1406
20.2

4/22
55.7
18.6
5
38.2
29
1410
20.3

4/23
55.6
17.9
5
38.8
29
1413
20.3

4/24
55.7
17.8
5
39.0
29
1416
20.3

4/25
55.8
18.3
5
38.6
29
1415
20.4

4/26
55.6
17.8
5
38.9
28
1414
20.3

4/27
55.5
18.7
5
38.1
29
1406
20.3

4/28
55.5
18.5
5
38.3
29
1407
20.3

4/29
55.3
18.7
5
38.0
29
1402
20.2

4/30
55.4
19.0
5
37.7
29
1402
20.2

5/1
55.3
18.3
5
38.4
29
1405
20.2

5/2
55.7
18.7
5
38.1
29
1410
20.3

5/5
55.2
17.2
5
39.4
28
1410
20.2

5/6
55.4
17.6
5
39.1
28
1412
20.2

5/7
55.8
17.8
5
39.0
29
1418
20.4

5/8
55.5
18.0
5
38.8
29
1411
20.3

5/9
55.6
18.0
5
38.8
29
1413
20.3

5/10
55.3
17.2
5
39.4
28
1412
20.2

5/12
55.1
18.8
5
37.8
29
1398
20.1

5/13
55.1
18.7
5
37.9
29
1398
20.1

5/14
55.0
17.9
5
38.8
28
1402
20.1

5/15
55.4
17.8
5
38.9
28
1410
20.2

5/16
55.5
17.2
5
39.4
28
1416
20.3

5/17
55.5
17.1
5
39.6
28
1417
20.3

5/19
55.2
18.2
5
38.5
28
1404
20.2

5/20
55.7
17.8
5
39.0
29
1415
20.3

5/21
55.6
18.1
5
38.7
29
1412
20.3

5/22
55.4
17.6
5
39.1
28
1412
20.2

5/23
55.4
17.9
5
38.9
28
1410
20.2

5/24
55.2
17.5
5
39.2
28
1409
20.2

5/26
55.1
18.2
5
38.5
28
1402
20.1

5/27
55.1
18.1
5
38.6
28
1403
20.1

5/28
55.1
18.6
5
38.2
29
1400
20.1

5/29
54.7
18.4
4
38.3
28
1394
20.0

5/30
55.1
17.7
5
39.0
28
1406
20.1

5/31
55.0
17.6
5
39.1
28
1404
20.1

6/1
54.7
18.1
4
38.5
28
1396
20.0

6/2
54.8
17.5
5
39.1
27
1402
20.0

6/3
54.7
18.1
4
38.5
28
1396
20.0

6/4
55.3
17.9
5
38.8
28
1408
20.2

6/5
54.7
18.1
4
38.5
28
1396
20.0

6/6
54.5
18.3
4
38.2
28
1390
19.9

6/7
54.5
17.7
4
38.9
27
1395
19.9

6/9
54.7
17.9
4
38.7
28
1397
20.0

6/10
54.8
17.9
5
38.8
28
1399
20.0

6/11
55.1
17.4
5
39.2
28
1408
20.1

6/12
55.1
17.6
5
39.1
28
1407
20.1

6/13
55.0
17.5
5
39.2
28
1405
20.1

6/14
54.6
17.5
4
39.2
27
1399
19.9

6/15
55.2
17.1
5
39.5
28
1411
20.2

6/16
55.1
17.9
5
38.8
28
1404
20.1

6/17
55.0
17.8
5
38.9
28
1403
20.1

6/18
54.7
18.2
4
38.5
28
1395
20.0

6/19
54.5
17.5
4
39.1
27
1396
19.9

6/20
54.3
18.2
4
38.3
28
1388
19.8

6/21
54.6
17.6
4
39.1
27
1398
19.9

6/22
55.5
17.3
5
39.4
28
1416
20.3

6/23
55.0
17.3
5
39.3
27
1406
20.1

6/24
54.6
18.2
4
38.5
28
1394
19.9

6/25
54.5
18.1
4
38.4
28
1392
19.9

6/26
54.5
17.4
4
39.2
27
1397
19.9

6/27
54.4
18.1
4
38.5
28
1390
19.9

6/28
54.4
18.1
4
38.5
28
1391
19.9
