# year 2020

12/23
55.3
18.9
4
37.8
27
1400
20.2

12/24
54.9
18.7
4
37.9
27
1394
20.0

12/25
55.4
18.8
5
38.0
27
1403
20.2

12/28
55.8
18.8
5
38.2
27
1411
20.4

12/29
55.4
19.1
5
37.6
27
1401
20.2

#year 2021

01/05
56.5
19.4
5
37.7
29
1419
20.6

01/06
56.7
19.2
5
38.0
29
1424
20.7

01/07
56.8
19.1
5
38.1
29
1427
20.7

1/8
56.2
19.1
5
37.9
28
1416
20.5

1/10
55.9
19.6
5
36.9
29
1405
20.4

1/12
56.3
19.2
5
37.8
28
1417
20.6

1/13
55.9
19.0
5
38.0
28
1412
20.4

1/14
56.1
19.2
5
37.8
28
1413
20.5

1/15
55.7
19.4
5
37.3
28
1404
20.3

1/18
55.9
19.2
5
37.7
28
1410
20.4

1/19
55.9
19.1
5
37.9
28
1411
20.4

1/20
55.7
19.0
5
37.9
28
1408
20.3

1/21
55.3
18.9
4
37.8
27
1400
20.2

1/22
54.9
18.9
4
37.4
27
1392
20.0

1/25
55.5
19.0
5
37.7
27
1403
20.3

1/26
55.2
19.1
4
37.4
27
1396
20.2

1/27
54.7
18.7
4
37.8
26
1391
20.0

1/28
55.3
19.0
4
37.7
27
1400
20.2

1/29
55.3
18.7
4
38.2
27
1403
20.2

2/1
55.5
18.6
5
38.3
27
1407
20.3

2/2
55.2
18.6
4
38.2
27
1401
20.2

2/3
55.3
18.9
4
37.8
27
1400
20.2

2/4
55.1
19.0
4
37.6
27
1396
20.1

2/5
55.2
19.0
4
37.5
27
1397
20.2

2/8
55.4
19.0
5
37.7
27
1402
20.2

2/9
54.9
18.9
4
37.4
27
1392
20.0

2/10
55.7
19.0
5
37.8
28
1407
20.3

2/12
55.5
19.1
5
37.7
27
1403
20.3

2/15
56.1
18.8
5
38.2
28
1417
20.5

2/16
56.2
19.1
5
37.9
28
1416
20.5

2/17
55.7
18.6
5
38.4
27
1411
20.3

2/18
55.9
18.9
5
38.1
28
1412
20.4

2/19
56.2
18.4
5
38.7
27
1421
20.5

2/22
56.0
18.8
5
38.2
28
1415
20.4

2/24
56.1
18.9
5
38.1
28
1416
20.5

2/25
55.3
18.7
4
38.1
27
1402
20.2

2/26
55.8
19.0
5
38.0
28
1410
20.4

3/2
56.1
18.9
5
38.2
28
1416
20.5

3/3
56.0
18.9
5
38.1
28
1414
20.4

3/4
55.7
19.0
5
37.8
28
1407
20.3

3/5
56.3
19.0
5
38.1
28
1419
20.6

3/8
56.2
18.7
5
38.4
28
1419
20.5

3/9
56.2
18.1
5
39.0
27
1424
20.5

3/10
55.7
18.6
5
38.4
27
1411
20.3

3/11
56.1
18.5
5
38.6
27
1419
20.5

3/12
56.0
19.3
5
37.5
28
1410
20.4

3/15
56.4
19.0
5
38.1
28
1421
20.6

3/16
56.2
19.1
5
37.9
28
1416
20.5

3/17
55.8
18.8
5
38.2
27
1411
20.4
