#year 2021

5/31
56.8
18.3
5
38.9
28
1433
20.7

6/1
57.0
18.8
5
38.5
28
1433
20.8

6/2
56.5
18.7
5
38.5
28
1425
20.6

6/3
56.6
17.9
5
39.2
27
1432
20.7

6/4
56.4
18.7
5
38.4
28
1423
20.6

6/7
56.7
18.2
5
39.0
28
1432
20.7

6/8
56.4
18.7
5
38.5
28
1423
20.6

6/9
56.8
18.1
5
39.0
28
1434
20.7

6/10
56.4
17.8
5
39.3
27
1429
20.6

6/11
56.4
18.3
5
38.8
27
1426
20.6

6/13
57.1
18.2
5
39.0
28
1439
20.8

6/15
56.5
17.3
5
39.7
27
1434
20.6

6/16
56.6
19.0
5
38.2
28
1424
20.7

6/17
56.1
18.9
5
38.2
28
1416
20.5

6/18
56.2
18.8
5
38.3
28
1419
20.5

6/19
56.2
18.8
5
38.3
28
1419
20.5

6/20
55.9
19.2
5
37.7
28
1410
20.4

6/21
56.3
19.1
5
37.9
28
1418
20.6

6/22
56.4
18.5
5
38.6
28
1424
20.6

6/23
56.5
18.0
5
39.1
27
1429
20.6

6/24
56.7
18.7
5
38.5
28
1428
20.7

6/25
56.9
18.3
5
38.9
28
1434
20.8

6/26
56.2
18.6
5
38.5
27
1420
20.5

6/27
56.3
18.3
5
38.8
27
1424
20.6

6/28
56.7
18.3
5
38.9
28
1431
20.7

6/29
56.7
18.2
5
39.0
28
1432
20.7

6/30
56.7
18.5
5
38.7
28
1430
20.7

7/2
56.6
18.6
5
38.6
28
1427
20.7

7/4
56.7
18.3
5
38.9
28
1431
20.7

7/7
56.6
18.3
5
38.9
28
1430
20.7

7/8
56.5
18.7
5
38.4
28
1425
20.6

7/9
56.7
19.2
5
38.0
29
1425
20.7

7/12
56.7
17.9
5
39.2
27
1433
20.7

7/13
56.7
18.6
5
38.6
28
1429
20.7

7/14
57.0
17.1
5
39.9
27
1444
20.8

7/15
57.0
16.3
5
40.4
27
1448
20.8

7/16
56.8
17.6
5
39.5
27
1438
20.7

7/19
56.4
18.7
5
38.4
28
1423
20.6

7/20
56.9
17.8
5
39.3
28
1438
20.8

7/21
56.4
18.3
5
38.8
28
1426
20.6

7/25
56.7
18.6
5
38.5
28
1429
20.7

7/26
56.8
18.5
5
38.7
28
1431
20.7

7/27
56.6
18.0
5
39.1
27
1431
20.7

7/28
56.3
18.3
5
38.8
27
1424
20.6

7/29
55.9
18.4
5
38.7
27
1417
20.4

7/30
56.2
18.6
5
38.5
28
1420
20.5

8/4
56.2
18.5
5
38.6
27
1421
20.5

8/6
56.1
18.4
5
38.7
27
1420
20.5
