# year 2020

10/12
55.6
18.8
5
38.1
27
1407
20.3

10/13
55.9
18.6
5
38.5
27
1415
20.4

10/14
56.2
18.5
5
38.7
27
1421
20.5

10/15
56.0
18.7
5
38.4
27
1416
20.4

10/16
55.8
19.2
5
37.7
28
1408
20.4

10/19
55.6
19.1
5
37.6
28
1404
20.3

10/20
56.0
19.5
5
37.2
28
1408
20.4

10/21
55.5
19.4
5
37.1
28
1399
20.3

10/22
56.0
19.3
5
37.5
28
1410
20.4

10/23
55.8
19.2
5
37.7
28
1408
20.4

10/26
55.8
19.1
5
37.8
28
1408
20.4

10/27
55.4
19.1
5
37.5
28
1400
20.2

11/04
55.5
19.1
5
37.7
28
1403
20.3

11/05
55.5
18.8
5
38.1
27
1405
20.3

11/09
55.8
19.0
5
38.0
28
1409
20.4

11/10
55.2
19.2
4
37.1
28
1395
20.2

11/11
55.2
19.0
4
37.5
27
1397
20.2

11/12
55.6
19.0
5
37.7
28
1405
20.3

11/13
55.2
19.1
4
37.4
27
1397
20.2

11/16
55.7
18.8
5
38.2
27
1410
20.3

11/17
55.2
19.1
4
37.4
27
1396
20.2

11/18
55.5
18.6
5
38.4
27
1407
20.3

11/19
55.7
18.6
5
38.4
27
1411
20.3

11/24
55.5
18.8
5
38.1
27
1405
20.3

11/25
55.0
18.7
4
37.9
27
1396
20.1

11/26
55.0
18.9
4
37.5
27
1394
20.1

11/27
54.7
18.7
4
37.8
27
1391
20.0

11/30
55.5
18.8
5
38.0
27
1405
20.3

12/01
55.2
18.3
4
38.6
26
1404
20.2

12/02
55.0
18.7
4
37.9
27
1396
20.1

12/03
55.1
18.8
4
37.9
27
1398
20.1

12/04
55.4
18.7
5
38.1
27
1404
20.2

12/05
54.9
18.8
4
37.7
27
1394
20.0

12/07
55.6
18.2
5
38.9
27
1412
20.3

12/08
55.4
18.1
5
38.9
26
1409
20.2

12/09
55.6
18.2
5
38.8
27
1412
20.3

12/10
55.5
18.8
5
38.2
27
1406
20.3

12/11
55.1
18.7
4
38.0
27
1398
20.1

12/12
54.8
18.9
4
37.4
27
1390
20.0

12/14
54.9
18.4
4
38.4
26
1398
20.0

12/15
55.3
18.7
4
38.1
27
1402
20.2

12/16
54.7
18.5
4
38.1
26
1393
20.0

12/17
54.8
18.7
4
37.8
27
1393
20.0

12/18
55.2
18.8
4
37.9
27
1400
20.2

12/20
54.9
18.4
4
38.3
26
1397
20.0

12/21
55.2
18.7
4
38.1
27
1401
20.2

12/22
55.0
18.4
4
38.4
26
1399
20.1
