# year 2023

4/1
56.7
19.3
5
37.8
30
1424
20.7

4/3
56.7
19.4
5
37.7
30
1423
20.7

4/4
56.5
19.5
5
37.5
30
1419
20.6

4/6
56.8
19.1
5
38.1
30
1427
20.7

4/7
56.7
18.8
5
38.3
29
1427
20.7

4/8
56.4
19.5
5
37.5
30
1417
20.6

4/9
56.6
19.9
5
37.1
30
1417
20.7

4/10
56.4
19.8
5
37.1
30
1414
20.6

4/11
56.7
19.4
5
37.7
30
1423
20.7

4/12
56.8
19.0
5
38.2
29
1428
20.7

4/13
56.5
18.8
5
38.3
29
1424
20.6

4/14
56.6
18.4
5
38.7
29
1428
20.7

4/16
56.3
18.3
5
38.7
29
1423
20.6

4/17
56.4
18.8
5
38.2
29
1422
20.6

4/18
56.4
19.1
5
38.0
29
1420
20.6

4/19
56.3
18.5
5
38.5
29
1422
20.6

4/20
56.3
18.7
5
38.3
29
1421
20.6

4/21
56.2
18.8
5
38.3
29
1418
20.5

4/22
56.0
18.6
5
38.3
29
1416
20.4

4/23
56.4
18.9
5
38.1
29
1421
20.6

4/24
56.7
19.2
5
37.9
30
1424
20.7

4/25
56.6
19.1
5
38.0
29
1423
20.7

4/26
56.6
18.8
5
38.3
29
1426
20.7

4/27
56.3
18.8
5
38.2
29
1420
20.6

4/28
56.6
19.0
5
38.1
29
1424
20.7

4/29
56.4
19.2
5
37.8
29
1419
20.6

4/30
56.3
19.3
5
37.7
29
1416
20.6

5/1
56.8
19.2
5
37.9
30
1426
20.7

5/2
56.5
18.9
5
38.1
29
1423
20.6

5/3
56.5
18.9
5
38.2
29
1423
20.6

5/4
56.7
18.4
5
38.7
29
1430
20.7

5/5
56.6
18.0
5
39.0
29
1431
20.7

5/6
56.6
18.2
5
38.8
29
1429
20.7

5/7
56.8
18.5
5
38.6
29
1431
20.7

5/8
56.5
18.2
5
38.8
29
1428
20.6

5/9
56.9
18.6
5
38.5
29
1432
20.8

5/10
56.5
18.3
5
38.7
29
1427
20.6

5/11
56.7
18.8
5
38.3
29
1427
20.7

5/12
56.4
18.7
5
38.4
29
1423
20.6

5/13
56.2
19.0
5
38.0
29
1417
20.5

5/14
55.9
18.3
5
38.7
28
1416
20.4

5/15
55.8
18.8
5
38.2
28
1411
20.4

5/16
56.2
18.3
5
38.7
28
1422
20.5

5/17
56.0
18.6
5
38.4
28
1416
20.4

5/18
56.0
18.8
5
38.1
29
1414
20.4

5/19
55.8
18.7
5
38.3
28
1412
20.4

5/20
56.0
18.3
5
38.7
28
1418
20.4

5/21
56.5
18.3
5
38.7
29
1427
20.6

5/22
57.0
17.8
5
39.2
29
1439
20.8

5/23
57.3
17.0
5
39.8
28
1449
20.9

5/24
57.6
17.5
6
39.5
29
1451
21.0

5/25
56.7
17.2
5
39.6
28
1437
20.7

5/26
56.9
17.8
5
39.2
29
1437
20.8

5/27
57.2
17.5
5
39.4
29
1444
20.9

5/28
57.0
17.3
5
39.6
28
1442
20.8

5/29
56.0
18.7
5
38.3
29
1416
20.4

5/30
56.2
19.2
5
37.8
29
1415
20.5

5/31
55.9
18.3
5
38.7
28
1417
20.4

6/1
55.9
18.3
5
38.7
28
1416
20.4

6/2
55.9
18.5
5
38.5
28
1415
20.4

6/3
56.1
18.6
5
38.4
29
1418
20.5

6/4
55.8
18.3
5
38.7
28
1415
20.4

6/5
55.7
18.7
5
38.2
28
1410
20.3

6/6
55.8
19.0
5
38.0
29
1410
20.4

6/7
56.1
18.5
5
38.5
28
1419
20.5

6/8
55.8
18.5
5
38.5
28
1413
20.4

6/9
56.0
18.2
5
38.7
28
1419
20.4

6/10
55.9
18.5
5
38.5
28
1415
20.4

6/11
55.8
18.4
5
38.6
28
1414
20.4

6/12
55.8
17.7
5
39.2
28
1422
20.4

6/13
56.0
18.5
5
38.5
28
1417
20.4

6/14
55.9
18.7
5
38.3
28
1414
20.4

6/15
55.3
18.8
5
37.9
28
1401
20.2

6/16
55.5
18.8
5
38.1
28
1406
20.3

6/17
55.3
18.7
5
38.1
28
1403
20.2

6/18
56.2
18.1
5
38.9
28
1423
20.5

6/19
55.5
18.4
5
38.5
28
1409
20.3

6/20
56.0
18.0
5
38.9
28
1420
20.4

6/21
55.5
18.1
5
38.8
28
1410
20.3

6/22
55.4
18.6
5
38.2
28
1405
20.2

6/23
55.7
18.3
5
38.6
28
1413
20.3

6/24
55.4
18.1
5
38.7
27
1409
20.2

6/25
54.9
18.4
4
38.3
27
1397
20.0

6/26
55.1
18.9
5
37.8
28
1398
20.1

6/27
55.5
18.3
5
38.6
28
1410
20.3

6/28
55.5
18.5
5
38.4
28
1408
20.3

6/29
55.5
18.1
5
38.8
28
1411
20.3

6/30
55.4
17.9
5
39.0
27
1411
20.2
