# year 2023

7/1
55.5
17.1
5
39.7
27
1417
20.3

7/2
55.4
17.7
5
39.1
27
1411
20.2

7/3
55.4
18.0
5
38.8
27
1409
20.2

7/4
55.8
17.8
5
39.1
28
1418
20.4

7/5
55.9
17.5
5
39.4
27
1422
20.4

7/6
55.5
17.7
5
39.1
27
1413
20.3

7/7
55.1
18.5
5
38.2
28
1400
20.1

7/8
55.0
18.3
4
38.5
27
1400
20.1

7/9
55.6
17.8
5
39.1
27
1414
20.3

7/10
55.5
18.3
5
38.6
28
1410
20.3

7/11
55.5
18.0
5
38.9
27
1412
20.3

7/12
55.5
18.2
5
38.7
28
1410
20.3

7/13
55.2
18.6
5
38.1
28
1401
20.2

7/14
55.3
18.3
5
38.6
27
1406
20.2

7/15
55.2
18.8
5
37.9
28
1400
20.2

7/16
55.2
18.3
5
38.5
27
1404
20.2

7/17
55.1
17.9
5
38.9
27
1405
20.1

7/18
55.3
18.4
5
38.4
28
1405
20.2

7/19
55.2
18.0
5
38.8
27
1406
20.2

7/20
55.0
18.0
4
38.7
27
1402
20.1

7/21
55.2
18.0
5
38.8
27
1406
20.2

7/22
54.9
17.8
4
39.0
27
1402
20.0

7/23
55.0
17.6
4
39.1
27
1405
20.1

7/24
55.3
18.3
5
38.6
27
1406
20.2

7/25
55.3
17.5
5
39.3
27
1411
20.2

7/26
55.4
17.8
5
39.1
27
1411
20.2

7/27
55.1
17.6
5
39.2
27
1407
20.1

7/28
54.7
18.1
4
38.6
27
1396
20.0

7/29
54.9
17.9
4
38.9
27
1401
20.0

7/30
54.5
18.1
4
38.5
27
1392
19.9

7/31
54.8
18.3
4
38.5
27
1397
20.0

8/1
54.8
17.8
4
39.0
27
1401
20.0

8/2
54.7
18.4
4
38.3
27
1394
20.0

8/3
54.9
17.9
4
38.9
27
1401
20.0

8/4
54.7
17.9
4
38.9
27
1398
20.0

8/5
54.7
17.5
4
39.2
26
1400
20.0

8/6
54.7
17.8
4
38.9
27
1398
20.0

8/7
54.8
17.8
4
39.0
27
1401
20.0

8/8
54.3
18.0
4
38.6
26
1389
19.8

8/9
54.6
17.8
4
39.0
26
1397
19.9

8/10
54.4
17.8
4
38.9
27
1393
19.9

8/15
54.3
17.7
4
39.0
27
1392
19.8

8/16
54.8
17.5
4
39.2
27
1402
20.0

8/17
55.0
17.1
5
39.6
27
1408
20.1

8/18
55.0
17.2
5
39.5
27
1407
20.1

8/19
55.5
16.9
5
39.8
27
1418
20.3

8/20
55.0
17.2
5
39.5
27
1407
20.1

8/21
54.7
17.6
4
39.1
27
1400
20.0

8/22
54.8
17.2
4
39.5
27
1404
20.0

8/23
55.4
17.8
5
39.0
28
1411
20.2

8/24
54.8
17.9
4
38.9
27
1399
20.0

8/25
54.9
17.5
4
39.3
27
1404
20.0

8/26
54.8
17.6
4
39.1
27
1401
20.0

8/27
54.7
17.4
4
39.3
27
1401
20.0

8/28
54.3
17.6
4
39.0
27
1392
19.8

8/29
54.4
18.0
4
38.7
27
1391
19.9

8/30
54.4
18.0
4
38.7
27
1392
19.9

8/31
54.3
17.9
4
38.7
27
1390
19.8

9/1
54.4
18.1
4
38.5
27
1390
19.9

9/2
54.5
18.0
4
38.7
27
1393
19.9

9/3
54.5
17.5
4
39.2
27
1397
19.9

9/4
54.9
17.8
4
39.0
27
1402
20.0

9/5
55.2
17.8
5
39.0
28
1407
20.2

9/6
54.6
17.8
4
39.0
27
1397
19.9

9/7
54.6
17.9
4
38.8
27
1396
19.9

9/8
54.3
17.9
4
38.7
27
1390
19.8

9/9
54.3
17.4
4
39.2
26
1393
19.8

9/10
54.4
18.0
4
38.6
27
1391
19.9

9/11
54.9
18.0
4
38.7
27
1400
20.0

9/12
54.8
18.0
4
38.7
27
1398
20.0

9/13
54.6
17.6
4
39.1
27
1398
19.9

9/14
54.5
17.8
4
38.9
27
1394
19.9

9/15
54.6
17.6
4
39.1
27
1398
19.9

9/16
54.6
17.5
4
39.2
27
1398
19.9

9/17
54.6
17.9
4
38.9
27
1396
19.9

9/18
54.7
18.1
4
38.7
27
1396
20.0

9/19
54.9
17.8
4
39.0
27
1402
20.0

9/20
55.1
17.7
5
39.1
27
1406
20.1

9/21
55.2
17.5
5
39.3
27
1409
20.2

9/22
55.1
17.9
5
38.9
28
1405
20.1

9/23
54.6
18.0
4
38.8
27
1395
19.9

9/24
54.6
18.1
4
38.6
27
1394
19.9

9/25
54.3
18.2
4
38.4
27
1388
19.8

9/26
54.4
17.9
4
38.8
27
1392
19.9

9/27
54.6
17.8
4
38.9
27
1396
19.9

9/28
55.0
17.8
5
39.0
27
1404
20.1

9/29
54.7
18.2
4
38.5
27
1395
20.0

9/30
54.7
17.9
4
38.8
27
1397
20.0

10/1
54.5
17.7
4
38.9
27
1395
19.9

10/2
54.4
17.8
4
38.9
27
1393
19.9

10/3
54.7
18.0
4
38.7
27
1396
20.0

10/4
54.6
18.1
4
38.6
27
1394
19.9

10/5
54.9
17.9
4
38.9
27
1401
20.0

10/6
54.8
18.0
4
38.7
27
1398
20.0

10/8
54.2
17.7
4
38.8
27
1389
19.8

10/9
54.2
18.2
4
38.3
27
1386
19.8

10/10
54.6
18.3
4
38.4
27
1393
19.9

10/11
54.7
17.7
4
39.0
27
1399
20.0

10/12
54.6
17.6
4
39.1
27
1398
19.9

10/13
54.4
18.4
4
38.2
27
1388
19.9

10/14
54.2
18.2
4
38.3
27
1386
19.8

10/15
54.2
18.1
4
38.5
27
1387
19.8

10/16
53.9
18.3
4
38.1
27
1379
19.7

10/18
54.7
18.2
4
38.5
28
1395
20.0

10/19
54.3
18.2
4
38.4
27
1388
19.8

10/20
54.4
17.8
4
38.9
27
1393
19.9

10/21
54.4
17.1
4
39.6
26
1398
19.9

10/22
54.2
17.9
4
38.6
27
1388
19.8

10/23
54.0
18.3
4
38.1
27
1381
19.7

10/24
54.4
17.8
4
38.9
27
1393
19.9

10/25
54.4
17.9
4
38.7
27
1392
19.9

10/26
54.2
17.5
4
39.1
26
1391
19.8

10/27
54.5
17.8
4
38.9
27
1394
19.9

10/28
54.4
17.7
4
39.0
27
1393
19.9

10/29
54.5
17.2
4
39.5
26
1398
19.9

10/30
54.5
17.9
4
38.8
27
1394
19.9

10/31
54.5
18.2
4
38.4
27
1391
19.9
