# 2025

1/1
55.4
19.4
5
37.1
30
1398
20.2

1/2
55.9
18.6
5
38.3
29
1414
20.4

1/3
55.7
19.0
5
37.9
30
1408
20.3

1/4
56.0
18.8
5
38.1
30
1414
20.4

1/6
56.2
19.5
5
37.5
30
1413
20.5

1/7
55.9
19.1
5
37.8
30
1410
20.4

1/8
56.0
19.1
5
37.8
30
1412
20.4

1/9
55.7
18.8
5
38.1
29
1409
20.3

1/10
55.9
18.6
5
38.4
29
1414
20.4

1/11
55.7
19.0
5
37.9
30
1407
20.3

1/12
55.7
18.8
5
38.1
29
1409
20.3

1/13
55.5
19.1
5
37.7
30
1403
20.3

1/14
56.2
18.8
5
38.2
30
1418
20.5

1/15
56.1
19.1
5
37.9
30
1414
20.5

1/16
55.7
18.9
5
38.0
30
1408
20.3

1/17
55.7
19.0
5
37.9
30
1407
20.3

1/20
55.9
18.6
5
38.3
29
1414
20.4

1/21
55.7
18.5
5
38.4
29
1411
20.3

1/22
55.8
18.6
5
38.3
29
1412
20.4

1/23
55.6
18.6
5
38.2
29
1408
20.3

1/24
55.7
18.8
5
38.1
29
1409
20.3

1/25
55.6
18.1
5
38.7
29
1412
20.3

1/26
55.4
18.8
5
38.0
29
1404
20.2

1/27
56.1
18.7
5
38.3
30
1417
20.5

1/28
55.9
18.3
5
38.6
29
1416
20.4

1/29
55.7
18.6
5
38.3
29
1410
20.3

1/30
55.5
19.0
5
37.8
29
1404
20.3

1/31
55.5
18.9
5
37.9
29
1404
20.3

2/1
55.6
18.6
5
38.3
29
1409
20.3

2/2
55.8
18.3
5
38.6
29
1414
20.4

2/3
55.9
18.5
5
38.4
29
1414
20.4

2/4
55.7
19.0
5
37.9
30
1407
20.3

2/5
56.2
19.2
5
37.8
30
1415
20.5

2/6
55.7
19.1
5
37.7
30
1406
20.3

2/7
55.7
19.0
5
37.9
30
1408
20.3

2/8
55.7
19.0
5
37.8
30
1407
20.3

2/9
55.4
18.9
5
37.8
29
1403
20.2

2/10
55.6
19.2
5
37.5
30
1404
20.3

2/11
56.0
19.2
5
37.6
30
1411
20.4

2/12
56.4
18.5
5
38.5
30
1424
20.6

2/13
56.0
18.5
5
38.3
29
1416
20.4

2/14
55.9
18.8
5
38.1
30
1412
20.4

2/15
55.9
19.0
5
37.9
30
1411
20.4

2/17
56.0
19.2
5
37.7
30
1411
20.4

2/18
55.7
18.9
5
37.9
30
1408
20.3

2/19
56.0
19.1
5
37.7
30
1412
20.4

2/20
56.0
18.9
5
37.9
30
1413
20.4

2/21
56.2
18.6
5
38.4
30
1419
20.5

2/22
56.2
18.5
5
38.4
30
1420
20.5

2/23
55.8
18.7
5
38.2
29
1412
20.4

2/24
55.5
19.3
5
37.4
30
1401
20.3

2/25
55.3
19.3
5
37.3
30
1398
20.2

2/26
55.8
19.3
5
37.5
30
1407
20.4

2/27
55.9
18.9
5
38.0
30
1412
20.4

2/28
56.2
18.8
5
38.1
30
1418
20.5

3/1
55.8
18.4
5
38.5
29
1414
20.4

3/2
56.0
18.8
5
38.1
30
1414
20.4

3/2
56.0
19.0
5
37.9
30
1413
20.4

3/4
55.8
18.8
5
38.1
29
1411
20.4

3/5
56.2
18.5
5
38.4
30
1420
20.5

3/6
56.1
18.8
5
38.2
30
1416
20.5

3/7
55.9
18.8
5
38.1
30
1413
20.4

3/8
55.4
19.0
5
37.7
29
1401
20.2

3/9
55.8
19.0
5
37.9
30
1410
20.4

3/10
55.8
18.8
5
38.1
29
1411
20.4

3/11
55.6
18.7
5
38.1
29
1408
20.3

3/12
55.9
18.6
5
38.3
29
1414
20.4

3/13
55.8
18.3
5
38.6
29
1414
20.4

3/14
56.0
18.4
5
38.4
29
1417
20.4

3/15
55.8
18.6
5
38.3
29
1412
20.4

3/17
55.8
19.1
5
37.7
30
1408
20.4

3/18
55.8
19.2
5
37.7
30
1408
20.4

3/19
55.5
19.3
5
37.4
30
1401
20.3

3/20
55.7
19.2
5
37.6
30
1406
20.3

3/21
55.9
18.8
5
38.1
30
1413
20.4

3/22
55.7
18.8
5
38.1
29
1409
20.3

3/23
56.1
18.2
5
38.7
29
1420
20.5

3/24
55.9
18.7
5
38.2
29
1413
20.4

3/25
55.7
18.8
5
38.0
29
1409
20.3

3/26
55.9
18.6
5
38.3
29
1414
20.4

3/27
56.0
18.0
5
38.8
29
1420
20.4

3/28
55.6
18.0
5
38.7
29
1412
20.3

3/29
56.0
18.5
5
38.4
29
1416
20.4

3/30
56.0
18.3
5
38.6
29
1418
20.4

3/31
55.4
18.8
5
38.0
29
1403
20.2
