# year 2024

1/1
54.6
18.4
4
38.3
28
1392
19.9

1/2
54.6
18.4
4
38.3
28
1392
19.9

1/3
54.8
18.5
4
38.2
28
1395
20.0

1/5
54.7
18.8
4
37.7
28
1390
20.0

1/6
54.9
18.4
4
38.4
28
1398
20.0

1/7
54.9
18.3
4
38.4
28
1398
20.0

1/8
54.9
18.9
4
37.7
28
1393
20.0

1/9
54.9
18.5
4
38.2
28
1396
20.0

1/10
54.6
18.4
4
38.3
28
1392
19.9

1/11
55.1
18.7
5
38.1
28
1399
20.1

1/12
55.1
18.6
5
38.2
28
1400
20.1

1/15
54.8
18.5
4
38.2
28
1395
20.0

1/16
54.3
18.9
4
37.3
28
1381
19.8

1/17
54.6
18.6
4
38.0
28
1390
19.9

1/18
54.6
18.4
4
38.3
28
1392
19.9

1/19
54.6
18.2
4
38.5
27
1394
19.9

1/20
54.8
18.0
4
38.8
27
1399
20.0

1/22
55.0
18.3
5
38.5
28
1400
20.1

1/23
54.7
18.4
4
38.3
28
1394
20.0

1/24
54.6
18.6
4
38.0
28
1390
19.9

1/25
54.3
18.5
4
37.9
27
1385
19.8

1/26
54.3
18.5
4
38.0
27
1386
19.8

1/28
54.5
18.4
4
38.2
27
1390
19.9

1/29
54.6
18.6
4
38.0
28
1390
19.9

1/30
54.8
18.0
4
38.8
27
1398
20.0

1/31
54.6
18.0
4
38.7
27
1395
19.9

2/1
54.7
18.2
4
38.5
28
1395
20.0

2/2
54.6
18.0
4
38.7
27
1395
19.9

2/4
54.8
17.7
4
39.1
27
1401
20.0

2/5
54.7
17.8
4
38.9
27
1398
20.0

2/6
54.6
18.4
4
38.2
28
1392
19.9

2/7
54.7
18.7
4
37.8
28
1391
20.0

2/8
54.7
17.7
4
39.1
27
1399
20.0

2/9
54.4
18.3
4
38.3
27
1389
19.9

2/12
54.5
18.4
4
38.1
27
1390
19.9

2/13
54.6
18.5
4
38.0
28
1391
19.9

2/14
54.5
18.2
4
38.4
27
1392
19.9

2/15
54.6
17.8
4
38.9
27
1397
19.9

2/16
54.7
18.1
4
38.6
27
1396
20.0

2/17
55.0
17.9
5
38.8
27
1403
20.1

2/18
54.5
18.4
4
38.2
27
1390
19.9

2/19
55.0
17.7
5
39.0
27
1404
20.1

2/20
54.9
17.7
4
39.1
27
1403
20.0

2/21
54.6
17.9
4
38.8
27
1396
19.9

2/22
54.6
18.3
4
38.4
27
1393
19.9

2/24
54.7
18.3
4
38.4
28
1395
20.0

2/26
54.8
18.4
4
38.3
28
1395
20.0

2/27
54.9
18.7
4
37.9
28
1395
20.0

2/28
54.6
18.3
4
38.4
27
1393
19.9

2/29
54.9
18.0
4
38.7
27
1400
20.0

3/1
55.1
17.5
5
39.2
27
1407
20.1

3/2
54.8
18.1
4
38.6
27
1398
20.0

3/4
54.6
18.7
4
37.8
28
1389
19.9

3/5
54.5
18.5
4
38.0
28
1389
19.9

3/6
54.7
18.6
4
38.0
28
1392
20.0

3/7
54.5
18.2
4
38.4
27
1391
19.9

3/8
54.5
18.0
4
38.6
27
1393
19.9

3/9
54.6
18.4
4
38.2
28
1392
19.9

3/11
54.5
18.6
4
37.9
28
1388
19.9

3/12
54.8
18.0
4
38.8
27
1399
20.0

3/13
54.6
18.4
4
38.2
28
1392
19.9

3/14
54.3
18.6
4
37.7
28
1384
19.8

3/15
54.4
18.5
4
38.0
27
1387
19.9

3/18
54.6
18.4
4
38.2
28
1392
19.9

3/19
54.7
18.2
4
38.5
27
1395
20.0

3/21
54.3
18.5
4
38.0
27
1386
19.8

3/22
54.4
18.0
4
38.6
27
1391
19.9

3/25
54.3
18.0
4
38.6
27
1389
19.8

3/26
54.6
17.5
4
39.2
27
1399
19.9

3/27
54.8
17.8
4
38.9
27
1400
20.0

3/28
54.6
17.9
4
38.8
27
1396
19.9

3/29
54.6
17.4
4
39.3
27
1399
19.9

3/30
54.4
17.9
4
38.8
27
1392
19.9

3/31
54.5
17.4
4
39.2
27
1397
19.9

4/1
54.3
18.1
4
38.4
27
1388
19.8

4/2
54.4
17.9
4
38.7
27
1392
19.9

4/3
54.6
17.9
4
38.8
27
1396
19.9

4/4
55.1
16.3
5
40.2
26
1415
20.1

4/5
55.0
16.9
5
39.7
27
1409
20.1

4/6
54.9
16.9
4
39.7
27
1408
20.0

4/7
54.9
17.4
4
39.3
27
1404
20.0

4/8
54.4
18.0
4
38.6
27
1391
19.9

4/9
54.5
18.5
4
38.1
27
1389
19.9

4/10
54.6
18.3
4
38.3
27
1393
19.9

4/11
54.7
18.2
4
38.4
27
1395
20.0

4/12
54.8
18.2
4
38.5
28
1397
20.0

4/14
54.6
17.7
4
39.0
27
1397
19.9

4/16
54.4
18.5
4
38.1
27
1388
19.9

4/17
54.7
17.8
4
38.9
27
1398
20.0

4/18
54.8
17.5
4
39.2
27
1402
20.0

4/19
54.7
18.3
4
38.3
28
1394
20.0

4/20
54.9
18.8
4
37.8
28
1394
20.0

4/22
54.8
18.8
4
37.8
28
1393
20.0

4/23
54.8
18.0
4
38.7
27
1399
20.0

4/24
54.5
17.7
4
39.0
27
1395
19.9

4/25
54.6
17.7
4
39.0
27
1397
19.9

4/26
54.6
18.1
4
38.6
27
1394
19.9

4/27
54.8
17.9
4
38.8
27
1399
20.0

4/28
54.9
17.7
4
39.0
27
1403
20.0

4/29
54.9
17.2
4
39.4
27
1405
20.0

4/30
54.6
18.2
4
38.5
27
1394
19.9
